1.133707339878447939e+01
1.127255726975222139e+01
1.135577372604020496e+01
1.125572697522206589e+01
1.139597942964001831e+01
1.141000467508181337e+01
1.141280972417017381e+01
1.117999064983637147e+01
1.120897615708274841e+01
1.128097241701729736e+01
1.101355773726040255e+01
1.128377746610565602e+01
1.137914913510986459e+01
1.125105189340813538e+01
1.117999064983637147e+01
1.138662926601215553e+01
1.139036933146330099e+01
1.120804114071996338e+01
1.126975222066386095e+01
1.140065451145395059e+01
1.121645628798503935e+01
1.111079943899018296e+01
1.124544179523141629e+01
1.122674146797568895e+01
1.138943431510051418e+01
1.109677419354838790e+01
1.117999064983637147e+01
1.108274894810659106e+01
1.126133707339878498e+01
1.122954651706404938e+01
1.121178120617110885e+01
1.124637681159420310e+01
1.128003740065451233e+01
1.125292192613370723e+01
1.148387096774193594e+01
1.103412809724170174e+01
1.127536231884058004e+01
1.138849929873772737e+01
1.132772323515661483e+01
1.147639083683964500e+01
1.118373071528751694e+01
1.119027582982702285e+01
1.123422159887797989e+01
1.121365123889668070e+01
1.126414212248714364e+01
1.135764375876577859e+01
1.139036933146330099e+01
1.138382421692379687e+01
1.114820009350163588e+01
1.118186068256194510e+01
1.130902290790088749e+01
1.132491818606825618e+01
1.134829359513791580e+01
1.132959326788218846e+01
1.124170172978027082e+01
1.126975222066386095e+01
1.119214586255259469e+01
1.145956054230949128e+01
1.132865825151940165e+01
1.154838709677419395e+01
1.130341280972417017e+01
1.130341280972417017e+01
1.126601215521271548e+01
1.116129032258064591e+01
1.114446002805049041e+01
1.138382421692379687e+01
1.110892940626460934e+01
1.121926133707339801e+01
1.139130434782608781e+01
1.130528284244974202e+01
1.127536231884058004e+01
1.129593267882187924e+01
1.132772323515661483e+01
1.120149602618045748e+01
1.123889668069191217e+01
1.135764375876577859e+01
1.140065451145395059e+01
1.120617110799438976e+01
1.131276297335203296e+01
1.109957924263674656e+01
1.117438055165965416e+01
1.136605890603085633e+01
1.128377746610565602e+01
1.132211313697989752e+01
1.123328658251519485e+01
1.116503038803179138e+01
1.136138382421692405e+01
1.113791491351098628e+01
1.117531556802244097e+01
1.132678821879382802e+01
1.138101916783543643e+01
1.126227208976157002e+01
1.132117812061711071e+01
1.130621785881252883e+01
1.118092566619915829e+01
1.131930808789153886e+01
1.104815334268349680e+01
1.137260402057036046e+01
1.131650303880317843e+01
1.133426834969611896e+01
1.118466573165030375e+01
1.131182795698924792e+01
1.136325385694249590e+01
1.112201963534361937e+01
1.135203366058905949e+01
1.114258999532491856e+01
1.132304815334268433e+01
1.120991117344553523e+01
1.112482468443197803e+01
1.136138382421692405e+01
1.133426834969611896e+01
1.138662926601215553e+01
1.123141654978962123e+01
1.142496493688639525e+01
1.120991117344553523e+01
1.126881720430107592e+01
1.121365123889668070e+01
1.130995792426367430e+01
1.145769050958391766e+01
1.119401589527816654e+01
1.115942028985507228e+01
1.112949976624590853e+01
1.141187470780738700e+01
1.136138382421692405e+01
1.132211313697989752e+01
1.115381019167835497e+01
1.120056100981767244e+01
1.126227208976157002e+01
1.130995792426367430e+01
1.129967274427302470e+01
1.122300140252454348e+01
1.133520336605890577e+01
1.134642356241234218e+01
1.118747078073866241e+01
1.144366526414212260e+01
1.141467975689574565e+01
1.129406264609630739e+01
1.137447405329593231e+01
1.144834034595605488e+01
1.102477793361383895e+01
1.119682094436652697e+01
1.117157550257129550e+01
1.122767648433847576e+01
1.123889668069191217e+01
1.110612435717625068e+01
1.121739130434782616e+01
1.128845254791958830e+01
1.130341280972417017e+01
1.139878447872837697e+01
1.127349228611500642e+01
1.136231884057971087e+01
1.118747078073866241e+01
1.150163627863487648e+01
1.115100514258999453e+01
1.128564749883122964e+01
1.141561477325853247e+01
1.120804114071996338e+01
1.125292192613370723e+01
1.119495091164095335e+01
1.127442730247779323e+01
1.108274894810659106e+01
1.112949976624590853e+01
1.129032258064516192e+01
1.119495091164095335e+01
1.131463300607760658e+01
1.111921458625525894e+01
1.112575970079476306e+01
1.131463300607760658e+01
1.115194015895278135e+01
1.127442730247779323e+01
1.136325385694249590e+01
1.126227208976157002e+01
1.145769050958391766e+01
1.113978494623655990e+01
1.132678821879382802e+01
1.115942028985507228e+01
1.129219261337073377e+01
1.131650303880317843e+01
1.131089294062646111e+01
1.135109864422627446e+01
1.135857877512856540e+01
1.113510986442262762e+01
1.119401589527816654e+01
1.147171575502571272e+01
1.109770920991117293e+01
1.136512388966806952e+01
1.128564749883122964e+01
1.132678821879382802e+01
1.122861150070126257e+01
1.119214586255259469e+01
1.126788218793828911e+01
1.118092566619915829e+01
1.128845254791958830e+01
1.123422159887797989e+01
1.151659654043945835e+01
1.130060776063581152e+01
1.124263674614305764e+01
1.120710612435717657e+01
1.126040205703599817e+01
1.126694717157550230e+01
1.121645628798503935e+01
1.126414212248714364e+01
1.127723235156615189e+01
1.115100514258999453e+01
1.116316035530621775e+01
1.140345956054230925e+01
1.119869097709209882e+01
1.132398316970546936e+01
1.114726507713884907e+01
1.136512388966806952e+01
1.148948106591865326e+01
1.114165497896213175e+01
1.119682094436652697e+01
1.118092566619915829e+01
1.136512388966806952e+01
1.119308087891538150e+01
1.123235156615240804e+01
1.132678821879382802e+01
1.121926133707339801e+01
1.118840579710144922e+01
1.139130434782608781e+01
1.114539504441327722e+01
1.127723235156615189e+01
1.134548854604955537e+01
1.141841982234689112e+01
1.125853202431042455e+01
1.123983169705469898e+01
1.140158952781673740e+01
1.106778868630201096e+01
1.127536231884058004e+01
1.135483870967741993e+01
1.125759700794763951e+01
1.110705937353903749e+01
1.108555399719495149e+01
1.125666199158485270e+01
1.122206638616175844e+01
1.119214586255259469e+01
1.136979897148200180e+01
1.125479195885928085e+01
1.133052828424497349e+01
1.130715287517531564e+01
1.136886395511921499e+01
1.126320710612435683e+01
1.134922861150070084e+01
1.129125759700794696e+01
1.129125759700794696e+01
1.105843852267414640e+01
1.127816736792893870e+01
1.119495091164095335e+01
1.116877045348293507e+01
1.137447405329593231e+01
1.140626460963066791e+01
1.129219261337073377e+01
1.138288920056101006e+01
1.129312762973352058e+01
1.121832632071061298e+01
1.136044880785413724e+01
1.116970546984572188e+01
1.117438055165965416e+01
1.109022907900888200e+01
1.120897615708274841e+01
1.125479195885928085e+01
1.143525011687704485e+01
1.126601215521271548e+01
1.113136979897148215e+01
1.131743805516596524e+01
1.120430107526881791e+01
1.119214586255259469e+01
1.142309490416082340e+01
1.108461898083216468e+01
1.139691444600280512e+01
1.128751753155680149e+01
1.106498363721365052e+01
1.131556802244039339e+01
1.114539504441327722e+01
1.147358578775128635e+01
1.131837307152875205e+01
1.126507713884993045e+01
1.135577372604020496e+01
1.138008415147265140e+01
1.136044880785413724e+01
1.116316035530621775e+01
1.123609163160355351e+01
1.139878447872837697e+01
1.123422159887797989e+01
1.136231884057971087e+01
1.113043478260869534e+01
1.140906965871902834e+01
1.133894343151005124e+01
1.122767648433847576e+01
1.139597942964001831e+01
1.119962599345488563e+01
1.139036933146330099e+01
1.127068723702664776e+01
1.132117812061711071e+01
1.118466573165030375e+01
1.120710612435717657e+01
1.121645628798503935e+01
1.128190743338008417e+01
1.119495091164095335e+01
1.117905563347358644e+01
1.136138382421692405e+01
1.107246376811594146e+01
1.134829359513791580e+01
1.126788218793828911e+01
1.116970546984572188e+01
1.129125759700794696e+01
1.116316035530621775e+01
1.110612435717625068e+01
1.133333333333333393e+01
1.147452080411407138e+01
1.115568022440392681e+01
1.132865825151940165e+01
1.122580645161290391e+01
1.129312762973352058e+01
1.122580645161290391e+01
1.111640953716690028e+01
1.123048153342683442e+01
1.136605890603085633e+01
1.122206638616175844e+01
1.125572697522206589e+01
1.118934081346423604e+01
1.113791491351098628e+01
1.133426834969611896e+01
1.128471248246844283e+01
1.129406264609630739e+01
1.132865825151940165e+01
1.135670874240299177e+01
1.139130434782608781e+01
1.134081346423562486e+01
1.132117812061711071e+01
1.126507713884993045e+01
1.126881720430107592e+01
1.121739130434782616e+01
1.137634408602150593e+01
1.126040205703599817e+01
1.139410939691444646e+01
1.118840579710144922e+01
1.114633006077606403e+01
1.135390369331463312e+01
1.112762973352033669e+01
1.111734455352968709e+01
1.144086021505376394e+01
1.132585320243104299e+01
1.122206638616175844e+01
1.110986442262739615e+01
1.114726507713884907e+01
1.101449275362318758e+01
1.127723235156615189e+01
1.129499766245909242e+01
1.125198690977092042e+01
1.124918186068256176e+01
1.135016362786348765e+01
1.127255726975222139e+01
1.120617110799438976e+01
1.127162225338943458e+01
1.132585320243104299e+01
1.112949976624590853e+01
1.124731182795698992e+01
1.146610565684899541e+01
1.120523609163160295e+01
1.116783543712015003e+01
1.136605890603085633e+01
1.148293595137914913e+01
1.150257129499766329e+01
1.123235156615240804e+01
1.130434782608695699e+01
1.131650303880317843e+01
1.112201963534361937e+01
1.126227208976157002e+01
1.127910238429172551e+01
1.127349228611500642e+01
1.126320710612435683e+01
1.116503038803179138e+01
1.139597942964001831e+01
1.121365123889668070e+01
1.114352501168770537e+01
1.132398316970546936e+01
1.134922861150070084e+01
1.127629733520336686e+01
1.130808789153810245e+01
1.131837307152875205e+01
1.135296867695184631e+01
1.121458625525946751e+01
1.131837307152875205e+01
1.128471248246844283e+01
1.130902290790088749e+01
1.140158952781673740e+01
1.134455352968677033e+01
1.121458625525946751e+01
1.135764375876577859e+01
1.115568022440392681e+01
1.118934081346423604e+01
1.126133707339878498e+01
1.115942028985507228e+01
1.114913510986442269e+01
1.125479195885928085e+01
1.131743805516596524e+01
1.132117812061711071e+01
1.116596540439457641e+01
1.132117812061711071e+01
1.115474520804114000e+01
1.118560074801309057e+01
1.130621785881252883e+01
1.112575970079476306e+01
1.139878447872837697e+01
1.110144927536231840e+01
1.132959326788218846e+01
1.137447405329593231e+01
1.142870500233754072e+01
1.130247779336138336e+01
1.149041608228144007e+01
1.122393641888733029e+01
1.117344553529686735e+01
1.116129032258064591e+01
1.125198690977092042e+01
1.106217858812529187e+01
1.117999064983637147e+01
1.107807386629266055e+01
1.121645628798503935e+01
1.128471248246844283e+01
1.141654978962131750e+01
1.128190743338008417e+01
1.127442730247779323e+01
1.122674146797568895e+01
1.140906965871902834e+01
1.128845254791958830e+01
1.117251051893408054e+01
1.106872370266479599e+01
1.132865825151940165e+01
1.120710612435717657e+01
1.117905563347358644e+01
1.137821411874707778e+01
1.114352501168770537e+01
1.136979897148200180e+01
1.120336605890603110e+01
1.127910238429172551e+01
1.130715287517531564e+01
1.117999064983637147e+01
1.133052828424497349e+01
1.127536231884058004e+01
1.120710612435717657e+01
1.138756428237494234e+01
1.134548854604955537e+01
1.117625058438522601e+01
1.125292192613370723e+01
1.138662926601215553e+01
1.140439457690509606e+01
1.130621785881252883e+01
1.121926133707339801e+01
1.113697989714819947e+01
1.131743805516596524e+01
1.118747078073866241e+01
1.123048153342683442e+01
1.117625058438522601e+01
1.137540906965871912e+01
1.110986442262739615e+01
1.122861150070126257e+01
1.124263674614305764e+01
1.133613838242169258e+01
1.121084618980832204e+01
1.116222533894343094e+01
1.122393641888733029e+01
1.130715287517531564e+01
1.106124357176250506e+01
1.132304815334268433e+01
1.108368396446937787e+01
1.131837307152875205e+01
1.138195418419822325e+01
1.131276297335203296e+01
1.119027582982702285e+01
1.131463300607760658e+01
1.123048153342683442e+01
1.144086021505376394e+01
1.135390369331463312e+01
1.129312762973352058e+01
1.131182795698924792e+01
1.124918186068256176e+01
1.126694717157550230e+01
1.124357176250584445e+01
1.124076671341748401e+01
1.138382421692379687e+01
1.116877045348293507e+01
1.121365123889668070e+01
1.134268349696119671e+01
1.127162225338943458e+01
1.111640953716690028e+01
1.136138382421692405e+01
1.129873772791023789e+01
1.130715287517531564e+01
1.118747078073866241e+01
1.135016362786348765e+01
1.133520336605890577e+01
1.117531556802244097e+01
1.123609163160355351e+01
1.113884992987377309e+01
1.123889668069191217e+01
1.124170172978027082e+01
1.124170172978027082e+01
1.147826086956521685e+01
1.135577372604020496e+01
1.115474520804114000e+01
1.128751753155680149e+01
1.138195418419822325e+01
1.118279569892473191e+01
1.124170172978027082e+01
1.134642356241234218e+01
1.116503038803179138e+01
1.116690042075736322e+01
1.102851799906498442e+01
1.127910238429172551e+01
1.111079943899018296e+01
1.133052828424497349e+01
1.130247779336138336e+01
1.128097241701729736e+01
1.112762973352033669e+01
1.139036933146330099e+01
1.126227208976157002e+01
1.116503038803179138e+01
1.124637681159420310e+01
1.127629733520336686e+01
1.138849929873772737e+01
1.142496493688639525e+01
1.146891070593735407e+01
1.120149602618045748e+01
1.125292192613370723e+01
1.128845254791958830e+01
1.115007012622720950e+01
1.128377746610565602e+01
1.129593267882187924e+01
1.135016362786348765e+01
1.120804114071996338e+01
1.126975222066386095e+01
1.121552127162225254e+01
1.135296867695184631e+01
1.140719962599345472e+01
1.107807386629266055e+01
1.131556802244039339e+01
1.113884992987377309e+01
1.128938756428237511e+01
1.128751753155680149e+01
1.135109864422627446e+01
1.133052828424497349e+01
1.132117812061711071e+01
1.124731182795698992e+01
1.111266947171575481e+01
1.121645628798503935e+01
1.130247779336138336e+01
1.133894343151005124e+01
1.124357176250584445e+01
1.113323983169705400e+01
1.120617110799438976e+01
1.131556802244039339e+01
1.126881720430107592e+01
1.133894343151005124e+01
1.121926133707339801e+01
1.105282842449742908e+01
1.143525011687704485e+01
1.134548854604955537e+01
1.137073398784478684e+01
1.119121084618980788e+01
1.127442730247779323e+01
1.135016362786348765e+01
1.123609163160355351e+01
1.119962599345488563e+01
1.140532959326788287e+01
1.126694717157550230e+01
1.134922861150070084e+01
1.115381019167835497e+01
1.126881720430107592e+01
1.131837307152875205e+01
1.124731182795698992e+01
1.105656848994857455e+01
1.123515661524076670e+01
1.142776998597475391e+01
1.103412809724170174e+01
1.122767648433847576e+01
1.127910238429172551e+01
1.113043478260869534e+01
1.125011687704534857e+01
1.130995792426367430e+01
1.138943431510051418e+01
1.119775596072931201e+01
1.127349228611500642e+01
1.120149602618045748e+01
1.124357176250584445e+01
1.108742402992052334e+01
1.128938756428237511e+01
1.129312762973352058e+01
1.111921458625525894e+01
1.139036933146330099e+01
1.115287517531556816e+01
1.125853202431042455e+01
1.114258999532491856e+01
1.125946704067321136e+01
1.123235156615240804e+01
1.116316035530621775e+01
1.133520336605890577e+01
1.134455352968677033e+01
1.123422159887797989e+01
1.127629733520336686e+01
1.136138382421692405e+01
1.122674146797568895e+01
1.116035530621785909e+01
1.147265077138849954e+01
1.119588592800374016e+01
1.136044880785413724e+01
1.145301542776998538e+01
1.132398316970546936e+01
1.130621785881252883e+01
1.136792893875642818e+01
1.124357176250584445e+01
1.122674146797568895e+01
1.126694717157550230e+01
1.137540906965871912e+01
1.136044880785413724e+01
1.116783543712015003e+01
1.115661524076671363e+01
1.126133707339878498e+01
1.110705937353903749e+01
1.120991117344553523e+01
1.129406264609630739e+01
1.121926133707339801e+01
1.129873772791023789e+01
1.127349228611500642e+01
1.107526881720430190e+01
1.121645628798503935e+01
1.125572697522206589e+01
1.119588592800374016e+01
1.131089294062646111e+01
1.110331930808789203e+01
1.132117812061711071e+01
1.115474520804114000e+01
1.117251051893408054e+01
1.111640953716690028e+01
1.128377746610565602e+01
1.117438055165965416e+01
1.122861150070126257e+01
1.126227208976157002e+01
1.121271622253389388e+01
1.137166900420757365e+01
1.133520336605890577e+01
1.124450677886862948e+01
1.148106591865357728e+01
1.127255726975222139e+01
1.117999064983637147e+01
1.099953249181860748e+01
1.126788218793828911e+01
1.104254324450677949e+01
1.115194015895278135e+01
1.134922861150070084e+01
1.122393641888733029e+01
1.117718560074801282e+01
1.141374474053295884e+01
1.139036933146330099e+01
1.137540906965871912e+01
1.140813464235624153e+01
1.115381019167835497e+01
1.117157550257129550e+01
1.107994389901823240e+01
1.098737727910238426e+01
1.134735857877512899e+01
1.135483870967741993e+01
1.127910238429172551e+01
1.123422159887797989e+01
1.111921458625525894e+01
1.121552127162225254e+01
1.115568022440392681e+01
1.118560074801309057e+01
1.125572697522206589e+01
1.115194015895278135e+01
1.132865825151940165e+01
1.125479195885928085e+01
1.128190743338008417e+01
1.125198690977092042e+01
1.121739130434782616e+01
1.129125759700794696e+01
1.121365123889668070e+01
1.123609163160355351e+01
1.135203366058905949e+01
1.136325385694249590e+01
1.120243104254324429e+01
1.114726507713884907e+01
1.130247779336138336e+01
1.115661524076671363e+01
1.144179523141654897e+01
1.132585320243104299e+01
1.119775596072931201e+01
1.136886395511921499e+01
1.120897615708274841e+01
1.122674146797568895e+01
1.130247779336138336e+01
1.136886395511921499e+01
1.124450677886862948e+01
1.128471248246844283e+01
1.127629733520336686e+01
1.133894343151005124e+01
1.124076671341748401e+01
1.123048153342683442e+01
1.157456755493221046e+01
1.120804114071996338e+01
1.128190743338008417e+01
1.140906965871902834e+01
1.119682094436652697e+01
1.106872370266479599e+01
1.126320710612435683e+01
1.129873772791023789e+01
1.136325385694249590e+01
1.140532959326788287e+01
1.130341280972417017e+01
1.120804114071996338e+01
1.138195418419822325e+01
1.104160822814399268e+01
1.119495091164095335e+01
1.116690042075736322e+01
1.119308087891538150e+01
1.122019635343618482e+01
1.126133707339878498e+01
1.117812061711079963e+01
1.127255726975222139e+01
1.136418887330528271e+01
1.122206638616175844e+01
1.123515661524076670e+01
1.108742402992052334e+01
1.126227208976157002e+01
1.118092566619915829e+01
1.132211313697989752e+01
1.127536231884058004e+01
1.131930808789153886e+01
1.117531556802244097e+01
1.136979897148200180e+01
1.128658251519401645e+01
1.125759700794763951e+01
1.134081346423562486e+01
1.123983169705469898e+01
1.135203366058905949e+01
1.129780271154745286e+01
1.115007012622720950e+01
1.129219261337073377e+01
1.109490416082281428e+01
1.125759700794763951e+01
1.138195418419822325e+01
1.121739130434782616e+01
1.129125759700794696e+01
1.136886395511921499e+01
1.121832632071061298e+01
1.131276297335203296e+01
1.120430107526881791e+01
1.129499766245909242e+01
1.110799438990182253e+01
1.114913510986442269e+01
1.117251051893408054e+01
1.126601215521271548e+01
1.122767648433847576e+01
1.122019635343618482e+01
1.127068723702664776e+01
1.107807386629266055e+01
1.119588592800374016e+01
1.125853202431042455e+01
1.134642356241234218e+01
1.134455352968677033e+01
1.117625058438522601e+01
1.120243104254324429e+01
1.107713884992987374e+01
1.115474520804114000e+01
1.136325385694249590e+01
1.129593267882187924e+01
1.128658251519401645e+01
1.120804114071996338e+01
1.108461898083216468e+01
1.118186068256194510e+01
1.132772323515661483e+01
1.136605890603085633e+01
1.137540906965871912e+01
1.137166900420757365e+01
1.129873772791023789e+01
1.115194015895278135e+01
1.133707339878447939e+01
1.126040205703599817e+01
1.119214586255259469e+01
1.138849929873772737e+01
1.125479195885928085e+01
1.135203366058905949e+01
1.122861150070126257e+01
1.113510986442262762e+01
1.145582047685834581e+01
1.123702664796633854e+01
1.115661524076671363e+01
1.113697989714819947e+01
1.117718560074801282e+01
1.125572697522206589e+01
1.123141654978962123e+01
1.134174848059840990e+01
1.122674146797568895e+01
1.137634408602150593e+01
1.117251051893408054e+01
1.123141654978962123e+01
1.115755025712950044e+01
1.125946704067321136e+01
1.124544179523141629e+01
1.147919588592800366e+01
1.105282842449742908e+01
1.104815334268349680e+01
1.140345956054230925e+01
1.113978494623655990e+01
1.123609163160355351e+01
1.123422159887797989e+01
1.113697989714819947e+01
1.129967274427302470e+01
1.118747078073866241e+01
1.125198690977092042e+01
1.117344553529686735e+01
1.135577372604020496e+01
1.133426834969611896e+01
1.123141654978962123e+01
1.133426834969611896e+01
1.114913510986442269e+01
1.119775596072931201e+01
1.123796166432912536e+01
1.134268349696119671e+01
1.127162225338943458e+01
1.133520336605890577e+01
1.125292192613370723e+01
1.135203366058905949e+01
1.125105189340813538e+01
1.118092566619915829e+01
1.114165497896213175e+01
1.123515661524076670e+01
1.123515661524076670e+01
1.138662926601215553e+01
1.123889668069191217e+01
1.138382421692379687e+01
1.112295465170640441e+01
1.137260402057036046e+01
1.115287517531556816e+01
1.123702664796633854e+01
1.135296867695184631e+01
1.120243104254324429e+01
1.142683496961196887e+01
1.123796166432912536e+01
1.135203366058905949e+01
1.131276297335203296e+01
1.120991117344553523e+01
1.133613838242169258e+01
1.129873772791023789e+01
1.135016362786348765e+01
1.130528284244974202e+01
1.114071996259934494e+01
1.135857877512856540e+01
1.131276297335203296e+01
1.131463300607760658e+01
1.112014960261804575e+01
1.115661524076671363e+01
1.108087891538101921e+01
1.131743805516596524e+01
1.117251051893408054e+01
1.122393641888733029e+01
1.116970546984572188e+01
1.114352501168770537e+01
1.114165497896213175e+01
1.127816736792893870e+01
1.123609163160355351e+01
1.134829359513791580e+01
1.128564749883122964e+01
1.139504441327723150e+01
1.106124357176250506e+01
1.126414212248714364e+01
1.119588592800374016e+01
1.136325385694249590e+01
1.124263674614305764e+01
1.123889668069191217e+01
1.128190743338008417e+01
1.138943431510051418e+01
1.121084618980832204e+01
1.122767648433847576e+01
1.112201963534361937e+01
1.130247779336138336e+01
1.147171575502571272e+01
1.126507713884993045e+01
1.120430107526881791e+01
1.115568022440392681e+01
1.122861150070126257e+01
1.111079943899018296e+01
1.114446002805049041e+01
1.129499766245909242e+01
1.120804114071996338e+01
1.126788218793828911e+01
1.126601215521271548e+01
1.119121084618980788e+01
1.116129032258064591e+01
1.129686769518466605e+01
1.117812061711079963e+01
1.131743805516596524e+01
1.115568022440392681e+01
1.109209911173445562e+01
1.139504441327723150e+01
1.132491818606825618e+01
1.121739130434782616e+01
1.125292192613370723e+01
1.122954651706404938e+01
1.127536231884058004e+01
1.134455352968677033e+01
1.121458625525946751e+01
1.105469845722300093e+01
1.136231884057971087e+01
1.125385694249649404e+01
1.130341280972417017e+01
1.113043478260869534e+01
1.132491818606825618e+01
1.118653576437587738e+01
1.131463300607760658e+01
1.118279569892473191e+01
1.135857877512856540e+01
1.110238429172510521e+01
1.122954651706404938e+01
1.128938756428237511e+01
1.134922861150070084e+01
1.139971949509116378e+01
1.112201963534361937e+01
1.111266947171575481e+01
1.122580645161290391e+01
1.122954651706404938e+01
1.126040205703599817e+01
1.135109864422627446e+01
1.144460028050490941e+01
1.127816736792893870e+01
1.133987844787283805e+01
1.114539504441327722e+01
1.145114539504441353e+01
1.112014960261804575e+01
1.116877045348293507e+01
1.123889668069191217e+01
1.125759700794763951e+01
1.111547452080411347e+01
1.119121084618980788e+01
1.143244506778868619e+01
1.150070126227208966e+01
1.136044880785413724e+01
1.136044880785413724e+01
1.127536231884058004e+01
1.130995792426367430e+01
1.113884992987377309e+01
1.116035530621785909e+01
1.136325385694249590e+01
1.120243104254324429e+01
1.121552127162225254e+01
1.123609163160355351e+01
1.145862552594670447e+01
1.121365123889668070e+01
1.133987844787283805e+01
1.135109864422627446e+01
1.123422159887797989e+01
1.135670874240299177e+01
1.132959326788218846e+01
1.121645628798503935e+01
1.124544179523141629e+01
1.106965871902758280e+01
1.113604488078541443e+01
1.137166900420757365e+01
1.133613838242169258e+01
1.113978494623655990e+01
1.104067321178120586e+01
1.119121084618980788e+01
1.134922861150070084e+01
1.132772323515661483e+01
1.124918186068256176e+01
1.115568022440392681e+01
1.119775596072931201e+01
1.133239831697054711e+01
1.148200093501636232e+01
1.136512388966806952e+01
1.129686769518466605e+01
1.128564749883122964e+01
1.134922861150070084e+01
1.113604488078541443e+01
1.138569424964936871e+01
1.129499766245909242e+01
1.107713884992987374e+01
1.112949976624590853e+01
1.115568022440392681e+01
1.110518934081346387e+01
1.130060776063581152e+01
1.115100514258999453e+01
1.107994389901823240e+01
1.111547452080411347e+01
1.120523609163160295e+01
1.101449275362318758e+01
1.117251051893408054e+01
1.133613838242169258e+01
1.131182795698924792e+01
1.105843852267414640e+01
1.130154277699859833e+01
1.128845254791958830e+01
1.116035530621785909e+01
1.125853202431042455e+01
1.124450677886862948e+01
1.107807386629266055e+01
1.121084618980832204e+01
1.127442730247779323e+01
1.129499766245909242e+01
