5.783482599051007096e-03
6.573810060278005921e-03
6.388384898844151442e-03
6.464444325400998427e-03
6.445584362222730838e-03
6.777872527450335902e-03
5.692230743785411246e-03
5.904075136348790713e-03
6.392616275474588723e-03
6.017337555788671369e-03
6.432741846617521381e-03
5.831487956143408154e-03
5.020937835615328290e-03
5.551947320363194958e-03
5.133221909920079699e-03
5.760173002483833828e-03
5.089151076716347775e-03
5.187531619783944219e-03
5.161668548013842971e-03
6.371193129020198860e-03
5.517594015042732482e-03
6.500700617948029433e-03
5.880500312081616936e-03
4.109407773428523300e-03
6.118509778768281906e-03
5.423300778542725770e-03
6.037252695474301309e-03
5.703022329372127962e-03
5.851225650998945552e-03
4.458656594548584921e-03
6.207603893403338194e-03
4.966781651947305143e-03
6.165704143477869492e-03
4.299243943259322548e-03
4.942656109868590053e-03
5.566153506073737503e-03
5.147584193130908155e-03
5.760549028724095376e-03
6.768198815198541926e-03
4.555979670730661048e-03
5.404508125650386505e-03
5.759982813361887687e-03
5.474267233298918053e-03
5.088394715209613312e-03
5.666079385171651599e-03
4.861705891807426537e-03
5.810972747097735425e-03
5.777671398175041398e-03
5.611065467639555701e-03
5.339868226977066701e-03
6.097262191957024922e-03
4.847188024679221011e-03
4.464753185900761923e-03
4.359767663515955356e-03
5.274821378031454081e-03
6.303700573173136312e-03
5.918627838189507474e-03
4.779330746591732917e-03
4.662057053424390612e-03
5.609160704323033243e-03
4.460742574063696064e-03
4.513599265637595337e-03
4.698669476086353436e-03
4.495973325826772143e-03
4.930138890024399374e-03
4.337794221608719941e-03
6.021607888320166559e-03
5.567896954543560643e-03
5.142745617918069792e-03
6.051991269848604020e-03
4.870354252851098048e-03
5.276246819144211724e-03
5.942012455011093028e-03
4.484695734979717192e-03
4.732710626917784394e-03
5.390458280827986615e-03
5.895170565145379203e-03
6.020247756929469896e-03
5.445507797147933204e-03
5.272534660430509487e-03
4.790379938339164173e-03
6.049231542973322953e-03
6.954794698080447000e-03
4.807536699906371849e-03
5.562315473301039821e-03
6.302584483297004811e-03
5.493915682854053073e-03
5.415026732331877299e-03
4.680633688257660081e-03
4.290847838294664131e-03
6.214917444844486258e-03
5.334762137548529695e-03
4.974278323501608694e-03
5.819478881854620034e-03
5.037091958263346762e-03
5.929259467214027107e-03
5.955031538876223544e-03
5.870802162221563925e-03
5.574458864283500688e-03
5.886305885459052097e-03
4.914203517779944588e-03
4.971687596330238469e-03
4.731468960975104138e-03
5.604397198693396483e-03
4.787619131691927231e-03
5.561205445589522366e-03
4.384073816467031620e-03
5.341949319130716127e-03
5.173075932646578091e-03
5.276507325573722221e-03
5.179709252520974840e-03
5.634902220339160772e-03
4.810356091407689584e-03
4.995564294319818598e-03
4.002721853359663198e-03
4.239184025295706509e-03
5.200718129486401643e-03
6.684626469295441853e-03
5.555546700906982376e-03
5.450577148448136448e-03
5.666338076330491337e-03
5.989585191517632010e-03
5.766838468674682222e-03
4.552075782909042329e-03
5.472841968586303167e-03
6.482946988215533557e-03
6.125129866337829590e-03
5.364104087717406003e-03
7.330006140828692479e-03
4.888787992154163854e-03
5.467059057899575567e-03
5.863316196781142089e-03
6.392006390289895444e-03
4.944792754601395196e-03
4.408497344643161168e-03
5.393116551313015088e-03
4.373815956366396314e-03
5.607614977614471495e-03
5.517151466924336521e-03
5.249679802613634559e-03
5.126552263094425951e-03
5.217513195529184002e-03
6.240998807404953864e-03
5.316249703274922994e-03
4.743120965416740449e-03
5.160031693518542760e-03
5.988251729679249305e-03
5.430538322603551023e-03
6.108907640197858493e-03
5.117066839744913338e-03
5.515072540035077624e-03
5.181483101327828689e-03
6.262219665822119953e-03
4.347469456830575611e-03
4.427466204743034719e-03
4.817853646559095739e-03
5.376876093934511262e-03
5.239263654405707654e-03
5.462703124627672074e-03
5.822789748085470396e-03
4.873502511183804529e-03
5.802102316617058046e-03
5.770019148667226462e-03
4.847377406220952645e-03
4.941555721492787642e-03
5.489391379031969588e-03
4.841718548925602952e-03
4.283786483367848716e-03
5.007789029783988981e-03
4.814810426763017383e-03
5.308651136481670751e-03
5.519056472747277571e-03
4.624833786700812202e-03
5.309968653896815147e-03
5.839746806725573322e-03
5.741578751109430515e-03
4.063857946080266792e-03
6.411109951303587892e-03
6.373708202318945082e-03
4.811173425728295684e-03
5.688572717350437978e-03
5.405938767994007688e-03
4.724970846521643793e-03
5.338459054387502574e-03
6.395855642325123415e-03
5.845301317478029772e-03
4.964908514691837409e-03
4.898079749624241648e-03
3.836284662987209538e-03
5.536876936194322189e-03
4.862227396210669524e-03
6.570391384672666195e-03
4.481924923850112708e-03
5.615875091996342175e-03
6.128371613005933853e-03
7.534922143881831250e-03
4.576434788612384480e-03
4.984081893960023643e-03
5.365938337003345153e-03
4.853043475101749202e-03
4.274392977795988396e-03
4.036663521181422035e-03
4.718298671323586241e-03
5.394108041288680697e-03
5.568864609980230147e-03
5.783777121380550071e-03
5.747913423732171206e-03
5.994083980642868001e-03
5.771391920019944624e-03
4.905632698745761820e-03
5.874086114743029899e-03
5.144325562576065533e-03
5.912270333398333966e-03
5.856109267832411598e-03
5.077323070705894170e-03
4.545302467918481935e-03
5.836877404758932832e-03
6.023067697850173485e-03
4.446925624558303522e-03
5.185169689666336949e-03
5.505363046705583942e-03
4.484161813304978449e-03
4.310787632097431640e-03
6.005406109304519888e-03
4.289352625789588300e-03
5.284893259987808768e-03
5.044000881298156720e-03
4.941197638274849244e-03
4.744507557345132090e-03
4.732360207872170557e-03
4.994600500607805291e-03
5.974234555965799581e-03
6.694870377338403913e-03
5.165235540593149897e-03
5.767323869253426598e-03
5.015680749309650577e-03
5.384484845747686439e-03
5.835435322449975502e-03
4.712198504538744892e-03
5.303724936273408741e-03
5.616693759578145900e-03
5.702866143916595666e-03
5.393474962087752012e-03
4.896116720878468734e-03
5.438391096346879144e-03
4.990790653790927803e-03
5.457355852426110272e-03
6.575852445880356160e-03
5.780846899864272581e-03
7.484356868590704738e-03
5.873796044595235195e-03
5.445649216229809554e-03
6.206369435552646675e-03
5.224624426832713900e-03
5.804459833085691238e-03
5.932801446673002972e-03
5.537105257117000065e-03
5.006868489319922511e-03
5.403859780446965307e-03
4.796417592344851856e-03
5.432806711295317011e-03
6.451580561158318759e-03
5.196129434407093482e-03
7.190003540753077231e-03
5.948188225620409594e-03
5.815328865185262659e-03
6.856216580078942392e-03
4.575111561647164302e-03
6.705295779906876065e-03
6.174433472513725200e-03
5.871173127902635895e-03
4.597510153318808135e-03
4.802919059662049718e-03
6.123176816920474115e-03
5.547163768322187043e-03
5.038749571551992719e-03
5.907107184331314084e-03
4.753612737037424957e-03
4.993323469315526578e-03
6.646918195384112459e-03
5.010727521791660637e-03
5.318726658250991224e-03
6.469262160361287546e-03
4.631700416387134721e-03
5.272395298009819979e-03
6.477095905920333963e-03
6.114624362593275644e-03
4.947006536440802689e-03
5.006804982169252294e-03
6.003846653204911350e-03
4.749245432588517120e-03
4.573236162500586392e-03
5.088692240601005827e-03
5.351414445393117870e-03
4.295080099948785958e-03
5.575918131190753593e-03
5.286131001112477634e-03
5.491545762259475612e-03
5.768852186827195735e-03
5.090131949094164714e-03
4.374605862373264972e-03
5.472401456477376733e-03
4.459585236473647372e-03
5.234957770617216025e-03
5.759108857514350956e-03
5.943858668950218783e-03
4.990138647127437439e-03
5.226623029682213838e-03
4.963400628999005415e-03
5.000306612008866697e-03
5.144635682240653561e-03
5.041314857310933047e-03
5.835851253296718208e-03
4.712345079196188398e-03
4.663193807547926471e-03
5.307558181439857477e-03
4.929691202317441380e-03
4.666512477352860629e-03
6.089334802692958175e-03
4.179317602382227534e-03
4.349336679080295122e-03
5.223133572436461543e-03
5.101559831284524157e-03
4.482574278385896387e-03
5.692106476455218757e-03
4.870199567071071059e-03
5.848538065153743859e-03
5.059409207727128856e-03
5.042633386198330618e-03
6.212619470061792395e-03
6.536743144826261467e-03
6.299922285485475872e-03
4.361767089534461343e-03
5.075810366563305795e-03
5.540136273736145055e-03
4.670024666433344324e-03
4.934179587075717376e-03
6.045978301476505681e-03
6.791027101138012723e-03
5.072621810048671617e-03
5.710509327751256588e-03
4.992244811663765561e-03
6.175902986290358887e-03
6.267972646260738627e-03
5.969611324760203640e-03
5.191539382959276493e-03
6.034140208939311502e-03
6.049253637825032469e-03
5.794632659475940951e-03
5.367592776390190876e-03
5.206837857134384052e-03
5.895523895727935136e-03
5.066164379243798428e-03
5.349295833230558773e-03
4.550538861449369976e-03
5.123944312099786187e-03
5.285262900603144784e-03
5.289878037824151391e-03
4.304730438902916283e-03
5.295558485127260968e-03
5.246613899751294968e-03
4.887194789634868863e-03
5.437168240929496008e-03
5.887464865927085483e-03
6.409032796225015011e-03
5.871327978668725023e-03
4.729731267364745834e-03
4.794892491902533714e-03
5.034639240578508979e-03
5.236558941777085668e-03
6.158944532373647300e-03
5.540827226427709820e-03
6.235021727310783961e-03
5.366979181380934598e-03
5.097563334564981889e-03
5.922219324245224688e-03
4.720375716169038748e-03
4.586305264641502878e-03
4.974594217209373469e-03
6.139404213388962965e-03
5.546401140476845716e-03
4.720421635239130213e-03
4.528085420430183992e-03
5.542086038916536547e-03
4.076138239506325346e-03
4.400723782544842776e-03
5.174245159600250610e-03
6.626890416072903425e-03
6.421831309005950408e-03
5.479379694004226850e-03
5.806722476104551021e-03
5.616960941038490890e-03
5.230277856312790831e-03
5.161370129006798493e-03
5.692436395022046694e-03
5.799779796056135639e-03
5.841207395800149769e-03
4.859442951073217852e-03
5.012175851849720760e-03
4.488413446908299555e-03
5.175992876207630676e-03
5.254257774718459548e-03
5.351110967029225861e-03
5.208767207319786770e-03
7.355615878062374789e-03
5.528766397307931409e-03
4.730846344588862142e-03
6.281445743424970106e-03
5.641405338282597624e-03
6.085211182413313713e-03
5.344591843877867857e-03
5.205202649963499607e-03
5.005286118302984012e-03
4.337541113412364015e-03
5.072246688142851602e-03
3.920420104805272081e-03
6.836545349891764295e-03
4.916216513244356032e-03
4.736937896154257664e-03
5.747868552815458935e-03
5.291006346120782217e-03
5.964030679421495132e-03
4.497447689627100988e-03
5.385617786178325227e-03
3.708046017340386937e-03
4.315597198944027060e-03
5.548342823387642300e-03
6.005166277105863579e-03
5.718700296839789032e-03
7.001056713350280181e-03
5.199187304059107832e-03
4.619064262935092952e-03
5.298100618145035190e-03
4.603136608050860390e-03
6.789664189460235637e-03
6.017501173696423317e-03
5.109805791781738514e-03
5.799726321187748980e-03
5.203524595585248824e-03
6.129928204014548077e-03
5.128118176262398860e-03
5.229443506137110807e-03
5.572748788965327729e-03
5.725146964768355017e-03
6.675813315319843212e-03
6.264406295736371297e-03
5.401991011558616128e-03
5.307756487874756499e-03
5.916407091422051616e-03
5.738420998979419305e-03
6.121581826020077929e-03
6.213502803396169123e-03
5.167597460883191322e-03
5.427781886539923516e-03
4.583278127217733401e-03
6.072567685582151015e-03
5.129608091255731181e-03
5.149358286544846591e-03
6.110742208185524979e-03
5.878967106470465824e-03
5.478844726690160379e-03
6.306090705390301164e-03
4.371361015319768714e-03
5.660378052941187656e-03
5.276945770863390381e-03
5.257397649296078300e-03
6.954183089628666534e-03
4.967163910567090612e-03
4.755449504450561318e-03
5.300426086449323837e-03
5.885123635546561476e-03
6.470113113038327389e-03
5.609566387304261437e-03
4.608524776862647256e-03
5.097609847687599276e-03
4.707526776026158336e-03
5.371405123014199624e-03
4.343201448312693051e-03
4.994702579947952678e-03
6.066005462210807136e-03
4.565867955017765753e-03
5.271775937123498838e-03
5.372194465265067199e-03
4.436490387243832885e-03
5.418175796420955995e-03
6.233328646881413672e-03
5.633044686107506124e-03
5.821299711217456721e-03
5.227979635403296604e-03
7.088130623270477541e-03
5.398485786030136555e-03
7.372380178849124305e-03
5.741543815012904381e-03
6.777916077037668061e-03
6.086399106128487224e-03
5.938847127173949025e-03
6.938716034949508719e-03
4.154362592142080146e-03
4.437067901451130156e-03
7.500008035491163676e-03
4.628876243375130463e-03
5.442128118203074134e-03
5.967107025067164630e-03
7.149028782870689262e-03
5.818796588089868681e-03
4.745295857236571727e-03
5.348720885310059153e-03
4.947077102682601382e-03
5.055969201867893496e-03
6.151497940256525979e-03
5.403811166383568933e-03
4.886106615423820715e-03
4.624809765985780571e-03
5.485678720972413623e-03
5.917973891605418819e-03
5.747598900046840473e-03
5.120599157103293900e-03
5.844978590302857616e-03
5.447404040057874861e-03
4.713208490512337326e-03
5.005458116794330239e-03
5.331401145304210006e-03
5.667730950670275304e-03
5.716408074495049965e-03
5.825403795916064657e-03
5.593400767642178230e-03
5.326370615648307917e-03
5.234502059732466621e-03
5.418205983679667825e-03
4.596567315881661293e-03
4.767130909816859503e-03
4.657860457170646604e-03
5.741587558991715148e-03
4.788973463811961248e-03
6.041022729393774604e-03
6.935986503159146180e-03
6.591442248781451477e-03
6.486562957674545972e-03
4.805242255393677060e-03
5.430986594937708099e-03
6.019681349667316619e-03
5.435050651779199486e-03
5.784061089196330073e-03
4.144755482198169382e-03
4.887663751096712160e-03
6.442603165888812107e-03
5.272427426470153999e-03
4.991401438640625902e-03
5.726733113751780908e-03
5.132392750643934541e-03
5.280556532932171102e-03
4.292066180381436981e-03
5.643919198163828942e-03
5.177873023503504202e-03
5.824446027341754345e-03
5.620464209444666834e-03
5.751937244116094895e-03
6.020783017355997753e-03
5.755964493763942626e-03
6.120488494641558933e-03
5.402098909360879275e-03
4.861463784043976340e-03
4.654710955104494896e-03
4.468497829951293548e-03
6.169804233023504225e-03
5.055199089568061105e-03
4.424687813507512286e-03
5.230683854325493889e-03
4.869169426657903900e-03
6.870137865121964636e-03
4.770898156348237287e-03
5.149026273498676955e-03
5.313630739765854219e-03
5.039435994269405618e-03
5.821844468539143745e-03
5.862377721021314048e-03
5.028154503929895165e-03
5.781612724532099457e-03
5.387296410071283105e-03
5.337057509120061299e-03
5.939783887800055388e-03
6.024292237778876985e-03
4.784626493617781355e-03
5.972593428294470201e-03
4.569437428874830592e-03
6.344344880003126817e-03
4.971868567234315889e-03
4.724633944616611278e-03
5.142236280844524401e-03
6.537386101681744686e-03
5.882837043611457463e-03
5.138770501916562101e-03
5.803048835119503819e-03
5.940271859463480859e-03
4.881334888337519190e-03
5.026432695375746516e-03
5.217682604481661303e-03
5.551490605289698642e-03
4.745655142673149869e-03
5.867491654434221944e-03
6.433694311275913250e-03
4.747610044319861347e-03
5.080387217194976858e-03
5.574951060217355273e-03
5.344443664240362303e-03
4.939812663793619052e-03
6.001581517460147404e-03
5.060325667930753307e-03
4.749489485837102287e-03
4.667307857826182363e-03
5.672821380598089269e-03
4.995282445451786763e-03
5.540631861427221944e-03
5.413397579393994068e-03
5.547755765835449444e-03
4.318025485190760474e-03
5.639197955460017835e-03
6.016251059121201228e-03
6.480005293002530711e-03
6.594853725283716245e-03
4.737383359205787903e-03
6.023851605209642156e-03
4.727953543993777992e-03
5.339518365550148873e-03
5.096784802842263193e-03
5.828739098520642481e-03
5.075831623569681400e-03
4.976974640366940358e-03
4.722728184384957645e-03
5.371420209754927851e-03
5.490402924971975879e-03
5.975404057190830329e-03
4.239777107485495460e-03
4.619704259620520045e-03
4.442767504679686306e-03
5.536668992080393328e-03
5.622091166445401800e-03
4.704929579482105585e-03
4.585031293266768337e-03
5.668610170736923005e-03
5.439504200536696144e-03
4.902449876389400850e-03
5.092920437539316322e-03
4.819327037949305143e-03
5.793655410782007353e-03
4.616662501064099609e-03
5.311966023605360285e-03
6.368393926437760678e-03
5.102912443177443774e-03
5.983465853488524090e-03
4.054516676573384319e-03
5.302182733009266902e-03
5.107354268697653250e-03
4.864300526178849844e-03
4.527966149366720837e-03
4.965602961777528662e-03
4.765089706259092138e-03
5.715578899537281272e-03
5.553515565012711284e-03
5.611664780514090574e-03
5.407806482055925804e-03
5.218306327956456075e-03
5.400170934467718627e-03
4.858994137004284813e-03
5.434373103336140147e-03
5.816669868406584495e-03
4.938665481005383162e-03
6.120739441989543964e-03
6.212413021830226825e-03
4.426136013232727200e-03
6.199565571812273509e-03
4.397842160972638761e-03
5.527516555451635755e-03
5.095905684680318050e-03
5.760909310651923278e-03
4.450069412640599714e-03
5.522517692039441602e-03
4.989123647668349329e-03
4.397045659232659380e-03
5.934902531024812376e-03
5.560253224610694871e-03
5.720556984537610197e-03
6.030878790989882034e-03
5.151929111267818280e-03
5.954566114791318490e-03
5.623511078830713966e-03
5.496479882185464731e-03
6.277260997333206256e-03
6.666136158760788827e-03
5.557760071111884741e-03
6.565876165641279343e-03
5.059188533512682003e-03
5.060439977145353256e-03
4.458019728880414055e-03
5.473300640775289119e-03
5.036582080062750218e-03
6.353513528315328854e-03
5.508298009350432768e-03
7.286370246776846700e-03
6.004235465795647840e-03
5.549899095625583471e-03
4.394334056684498849e-03
5.769694056508628197e-03
5.905811895106051305e-03
6.445100616197725271e-03
4.939837738351621904e-03
4.662324687841664511e-03
5.772485614162145562e-03
4.047079782082716598e-03
5.850001359782665972e-03
5.474431052865567915e-03
6.086284455403268880e-03
5.707486309386352805e-03
4.613786925220926712e-03
6.105549889345462770e-03
5.780941578240390843e-03
6.181988854951250660e-03
5.274914150529936077e-03
5.392564847232078629e-03
5.440186537669196125e-03
5.382962223330136318e-03
4.783112531385504997e-03
5.098182441699469249e-03
5.604308973506244920e-03
6.318992226905556682e-03
4.149919123860536588e-03
5.538098097818098219e-03
5.381667500734126607e-03
5.667918193949988102e-03
6.158469389906513075e-03
6.585601199851451315e-03
6.335200645841791538e-03
7.398329493312021804e-03
6.195486309217105962e-03
5.302906253515165050e-03
5.599815035872980108e-03
4.745098650624338804e-03
5.299181688507665841e-03
5.650319319825572277e-03
4.505588826028065867e-03
5.910212480157342463e-03
5.813722479005602010e-03
4.689137846730260899e-03
4.861456142306663959e-03
4.967086374551617049e-03
6.282222439012634038e-03
4.900163843550949493e-03
4.458952293836275158e-03
4.910402386683799039e-03
5.165687777466564622e-03
4.969916675448858741e-03
4.419606762112292947e-03
4.706248819530879472e-03
5.064803223635848221e-03
6.300454936744235603e-03
6.020414282402968172e-03
3.841149194132743167e-03
4.153305909275178953e-03
5.471975891940935623e-03
6.144208717778609948e-03
5.797518051929185547e-03
5.075766454623045591e-03
5.201490868298653918e-03
4.702303034908833328e-03
6.129516021589461773e-03
5.429495852432727164e-03
5.518926083501121335e-03
5.330932575198916307e-03
5.621281357645380866e-03
5.405877010237539020e-03
5.179492789267436080e-03
5.746822582948214395e-03
6.238853557271393895e-03
4.507785329384694263e-03
7.872147811536047909e-03
4.694095477457215816e-03
6.008688276992984849e-03
5.406174446439909916e-03
5.652997560844782825e-03
5.805266781666595932e-03
6.629612883392706213e-03
6.364286794532713308e-03
6.306033878861840893e-03
6.342012592023353254e-03
4.802417238587902704e-03
4.978520642732234790e-03
6.226528312508176725e-03
5.080438119793738785e-03
5.102289042228173518e-03
4.691954060729477786e-03
4.605882235442430687e-03
4.978242425367423486e-03
5.414465770951994335e-03
5.222203994415474358e-03
5.269452104303761798e-03
5.277299132981866890e-03
6.079933440637875185e-03
4.732061350286064991e-03
5.644057593458783051e-03
4.828217534174361961e-03
6.813016850576181400e-03
5.683141243625528666e-03
5.893269596792823951e-03
4.672893789982669570e-03
5.364908612945291574e-03
5.366616847498010406e-03
5.449636747101947037e-03
5.872641926844230330e-03
4.579106739164483415e-03
5.963161949548188151e-03
5.513293664846069531e-03
4.177439916983527977e-03
4.114652577563644373e-03
6.077331008181135509e-03
4.641222883323618646e-03
6.437086982892710647e-03
5.453907872561977559e-03
6.095000719060108922e-03
4.745500336117680282e-03
4.438475465140623820e-03
4.583747673370159106e-03
5.101465274591450612e-03
5.162341901930783510e-03
6.223983875522678434e-03
5.693275818308959901e-03
4.634512099746140520e-03
5.141588014319561917e-03
5.845129853705232498e-03
4.898093638797604288e-03
5.424329440894695188e-03
5.077601863059956998e-03
5.296175329219861630e-03
6.078414680990325628e-03
5.671719252286602612e-03
5.979714686380073127e-03
3.496389477727756146e-03
5.462968165696469904e-03
6.252822720342833020e-03
5.336253153550196866e-03
5.941519686559400618e-03
5.297457343712981895e-03
6.409061528248702344e-03
4.564481056708964354e-03
5.962914924947985106e-03
4.713784076206529311e-03
4.819345767108686521e-03
6.097454297410358909e-03
5.679537607387051372e-03
4.538886970217911009e-03
6.219351841127967323e-03
5.698338372148325885e-03
4.847265628343382440e-03
5.002522303493182540e-03
5.775787093798626960e-03
4.136188610184698619e-03
5.304686363142992536e-03
5.884708936212445021e-03
5.026087607662044210e-03
5.927450710497130654e-03
4.794473021427336952e-03
6.053851286023322065e-03
6.019772752239373713e-03
4.184636786111421876e-03
5.651639944948814477e-03
5.367091109755997742e-03
4.132670690005148251e-03
4.454425466896255736e-03
6.763693680918666379e-03
5.347781327750144101e-03
5.904426218203836021e-03
4.771721278901877757e-03
6.085971297360871085e-03
5.408564523820728366e-03
6.268865191155358237e-03
6.337269483058369755e-03
5.755178783808821349e-03
5.774546227969564426e-03
5.282070251449704629e-03
5.449301442220356832e-03
5.425437734154406506e-03
6.213516512076278607e-03
4.829679371605196184e-03
5.263427569723319946e-03
4.479929770121776796e-03
6.631607346166652067e-03
5.602683820423682778e-03
6.066668090304941363e-03
5.694078123590569189e-03
5.179857194994293666e-03
4.753937162571645995e-03
4.542716658301421649e-03
5.980411147929380264e-03
5.433101848055334367e-03
4.728933442090315145e-03
6.818636799798838584e-03
4.886851663817017195e-03
5.275607822322826886e-03
5.119961682013908152e-03
5.497670802419504614e-03
4.460525834187058745e-03
4.170195648156949791e-03
4.691912857517158315e-03
5.703638484298649385e-03
5.310342597161137393e-03
3.526601232971256737e-03
5.766860168839060309e-03
6.231270991799702820e-03
5.757131563321304067e-03
4.815089811237171884e-03
5.881138946744838940e-03
5.409228164815173094e-03
3.995578307831607057e-03
5.882255016686306279e-03
5.827324688462572587e-03
5.571411820833275554e-03
5.736967235421949231e-03
5.338894088984117228e-03
5.513263504750332694e-03
5.435457614722610797e-03
5.924294352915993392e-03
5.078547204797063952e-03
5.030864578462199491e-03
5.713543072830894708e-03
4.435258427107581156e-03
4.384045161822858541e-03
5.308984533816086052e-03
5.676230033214259459e-03
6.785092915165039616e-03
5.019097927803887679e-03
4.091350269843281942e-03
5.709758534897880003e-03
6.049499620228537648e-03
5.436160044795831751e-03
6.064362564957841151e-03
6.516437432350617905e-03
5.195200677971711402e-03
4.900343971033423521e-03
5.423082264567198954e-03
5.446163899177637255e-03
4.577295078202139531e-03
5.941375583118796780e-03
6.104456708483845667e-03
5.251194734850641969e-03
5.944238200072310407e-03
6.398491717720341566e-03
6.157190499897756755e-03
5.237895474316409290e-03
5.625349930761260574e-03
6.218986767858421076e-03
5.301128778123474945e-03
4.351400425301013217e-03
7.738779476699337440e-03
5.714022619174990818e-03
4.241277052493891940e-03
5.869070116162315547e-03
5.381849428753753169e-03
6.272233610727357897e-03
5.610070632608074419e-03
5.074812943988933622e-03
4.829429727601616644e-03
6.068208887829906230e-03
6.027346457103702378e-03
6.129137365734059137e-03
5.907259641817693384e-03
4.693898043055188055e-03
6.461572061427643850e-03
5.272005083575725080e-03
5.193983931542938380e-03
4.985080528051667736e-03
5.667551874887829556e-03
5.591900904922613748e-03
4.995845660794615700e-03
7.053925305063978371e-03
4.921838552960773952e-03
5.652372776433291918e-03
4.443612072697074485e-03
5.052198428686836829e-03
6.289268216460930545e-03
5.540507661472524395e-03
4.404143980372593990e-03
5.543347916858540163e-03
5.196143652206538198e-03
5.054216758674684971e-03
5.726347027929468321e-03
4.355608246154797462e-03
5.675191398483505310e-03
6.130917758471432846e-03
4.987948049820774971e-03
4.371613411067799479e-03
3.989752938541066100e-03
4.987091075778504051e-03
5.319691687447550797e-03
5.138132674692229285e-03
5.109363666160081537e-03
6.515590029704036897e-03
5.851697939104056126e-03
6.271490031039600802e-03
5.491924365479821345e-03
4.773985845114674109e-03
5.156334995881455691e-03
