3.054037421231379536e-03
4.283089528379804660e-03
4.486935063477846299e-03
3.985912029696388019e-03
3.761476439128763009e-03
3.299241074489779862e-03
4.404518622591855302e-03
4.014473156663108007e-03
3.368374253319158986e-03
2.731478759468135373e-03
3.469233877330517215e-03
3.992315802649174308e-03
6.094681729072563836e-03
4.875383058959308416e-03
4.053648917219462681e-03
3.332590349082151498e-03
3.501015893495730644e-03
5.491135909550081372e-03
4.286366522116111417e-03
4.231945606494750232e-03
4.396386926398997835e-03
4.073380723497446558e-03
3.402650626559953779e-03
3.608045235477577804e-03
3.566816822139007043e-03
4.398216567892210618e-03
4.491797342246575328e-03
3.638023258574962001e-03
3.040274705887435237e-03
3.189214080455761088e-03
4.835606388754258925e-03
3.481176246107478035e-03
4.687912158731650895e-03
4.714760832231991786e-03
4.115044781405618156e-03
3.238183256503783438e-03
3.579855738709046900e-03
5.357947237215809552e-03
4.491654622301787664e-03
3.738572673555950934e-03
3.870255740058005291e-03
4.977596426866191630e-03
4.158588095245267791e-03
3.549614090981784154e-03
3.000572187638151939e-03
3.432122011441747413e-03
4.023017511142248578e-03
3.751478304683796353e-03
3.048981093406851785e-03
3.797756585328772218e-03
3.649017062121746174e-03
4.442951393596687899e-03
3.681830835289961849e-03
4.410026928537472656e-03
2.959047753362596071e-03
4.336907743220581521e-03
3.574175509461097189e-03
3.314031967591209247e-03
3.599941536939729389e-03
3.078133343067045082e-03
3.507483458054821545e-03
2.835155994494205963e-03
3.610359006587195684e-03
3.048058282260331618e-03
3.320842307480171163e-03
4.296119030117458160e-03
4.723337734057667277e-03
2.906889784963294626e-03
4.182423759771963442e-03
5.148298780039368971e-03
5.068463448935819557e-03
4.166634471739975865e-03
3.285148549113012760e-03
4.765723352691975806e-03
4.557578468183837682e-03
5.029576194003809557e-03
4.323510613733824205e-03
3.464980136343929953e-03
4.416989698413572273e-03
4.799160346928008254e-03
4.374447943478996376e-03
3.206406235334417071e-03
3.824925606104465515e-03
3.546358068502086704e-03
4.157961943496908154e-03
3.046060047849324069e-03
4.000800853242887471e-03
4.591379323551292996e-03
3.472802808200195664e-03
4.209026236629606794e-03
4.051874762009542719e-03
3.943097510968659319e-03
2.975038799067850678e-03
5.212896160784742140e-03
3.789692656446111332e-03
3.717541277928601562e-03
3.766742548189707177e-03
3.839283637358804381e-03
3.580436424992597746e-03
4.722311253238488209e-03
5.641405242287836873e-03
4.423174200756039599e-03
3.514515513449976286e-03
3.944812324467295711e-03
3.319104398110121930e-03
3.088913143234010145e-03
3.356696416800157047e-03
4.328287650692714227e-03
4.378024901339678567e-03
4.835999002892780313e-03
5.920512768443539874e-03
3.987343363880506419e-03
5.414008900587830540e-03
4.054796891904119405e-03
3.797143789066433073e-03
3.733719236490625620e-03
3.280946234279627245e-03
5.625901621641524707e-03
2.917073068720214910e-03
4.208553592453096424e-03
4.389561098245131805e-03
4.455319175942737062e-03
3.921077884847319790e-03
3.297411852189989240e-03
3.963899703535752120e-03
3.094975831146803968e-03
4.054435169859925935e-03
4.633878919900995784e-03
3.643036611753797897e-03
4.910687775983134905e-03
4.694753847722105480e-03
3.035991339978403539e-03
4.100060550202260477e-03
4.526311551368373577e-03
4.622984679231956391e-03
5.002442592099542312e-03
3.686880933364928767e-03
3.795600931053392905e-03
2.985673474802929932e-03
3.409293607266385487e-03
3.793447104115888358e-03
3.781267715312533213e-03
3.963068684642571948e-03
3.485525791931439431e-03
3.762588003505250214e-03
3.698362709051962287e-03
3.770285721984500786e-03
4.280601153942518652e-03
3.780677049306595348e-03
3.904721486842035322e-03
4.193425197822444814e-03
4.007199886630606958e-03
2.979255573057112711e-03
4.719656773812876648e-03
4.703468947368220909e-03
4.249527928594518458e-03
3.411132368470375618e-03
3.968161867122929447e-03
4.072558912379667904e-03
4.672926984053282426e-03
3.340394827543123439e-03
4.279924589144202228e-03
3.941788290711566688e-03
4.278044189395437645e-03
3.721591879618382694e-03
4.042904328514405725e-03
3.641932002042651273e-03
4.725889154727803965e-03
3.305113280738057949e-03
4.439416119726986854e-03
4.411786711137049427e-03
4.087188522829342599e-03
4.725537954917303357e-03
5.324144469940389826e-03
4.238422458989587159e-03
4.388504922544307109e-03
2.654884906758720343e-03
3.944758200906194057e-03
3.241308955813058511e-03
4.433501639221953429e-03
3.055147138597183020e-03
3.825432440588776972e-03
4.168853480137946037e-03
3.630375223145780855e-03
3.267869350947748362e-03
3.697453183924962351e-03
2.464417051358642596e-03
4.339388943584186926e-03
3.838580535101368454e-03
3.078579847230937007e-03
4.844052257365596449e-03
4.183118550112567037e-03
4.208359467140273570e-03
3.301469331980906759e-03
5.049709873503198040e-03
4.552013861258874701e-03
3.381001790027889694e-03
4.458589217234664934e-03
4.813884063813911665e-03
4.408102081096482508e-03
3.318616992868034243e-03
3.250295601827869491e-03
3.396766549608426760e-03
4.623861277794757627e-03
4.567655118646219911e-03
3.041813365366473169e-03
3.851716148078184951e-03
3.208815713758807111e-03
3.602173533967806349e-03
4.602270313858809921e-03
4.329864770661593677e-03
2.794558848067487267e-03
4.951588020080023404e-03
3.578240115622230433e-03
3.406557089229891866e-03
3.936072054909760427e-03
3.965973645460071050e-03
2.849058599209014671e-03
3.802465767048254439e-03
3.800980488506331117e-03
3.984499078345541713e-03
2.348130626736191079e-03
3.758212587835973399e-03
2.841110307998090129e-03
3.468147531576223127e-03
4.411748624079669077e-03
3.623878573157711478e-03
4.114695420626463158e-03
3.853729795957316299e-03
3.650396830245654974e-03
4.250418047909133856e-03
4.778698063456570354e-03
4.074670913213461303e-03
3.622831626045791131e-03
4.422880266464743193e-03
3.326804180422365028e-03
4.740970640885694941e-03
3.660791283112495298e-03
3.240724368161372430e-03
3.260772933474110832e-03
5.275086732421895713e-03
4.185932011446943067e-03
3.162138116843146371e-03
3.959552022407673670e-03
3.567893724777829265e-03
3.357853921639103196e-03
3.521038238607604367e-03
4.296254214337961660e-03
4.215768739349592779e-03
4.113039646350800764e-03
3.613690085313568841e-03
3.338401683393760807e-03
2.703700267414958953e-03
3.325857393319467479e-03
3.461771495149605984e-03
5.158741428118899380e-03
2.807278764044385342e-03
4.573381172006930895e-03
4.213997986985316101e-03
3.080989140108221589e-03
4.318043489822643959e-03
4.607257231895220059e-03
3.969303278928749436e-03
3.412259736532080503e-03
5.174656522377251398e-03
4.029719014352972119e-03
4.392400348096783466e-03
3.300966538584345321e-03
3.250417907567063405e-03
2.983017274488219180e-03
3.627716644705432716e-03
4.658988033738464471e-03
4.304193439088822154e-03
4.446227415626242269e-03
3.864674010055110624e-03
3.894896160530917674e-03
3.755500847519780208e-03
4.142574893941569636e-03
4.084445701721993796e-03
4.286404671534470127e-03
4.042680373976485081e-03
6.244954498422781823e-03
3.580265943750326162e-03
4.166633632807270442e-03
3.915994668469022222e-03
4.687948770795269567e-03
3.090511593051207748e-03
4.189402679766421160e-03
3.671484660541129638e-03
4.518795396896244099e-03
4.352879888818988498e-03
3.446374633667112150e-03
4.883131070619141367e-03
5.393137922474749470e-03
4.432142322095822262e-03
4.409739048086228769e-03
4.032881093188912629e-03
3.173644447836390138e-03
4.483797552214711761e-03
4.050150701315755226e-03
3.756629698132981157e-03
3.242298857813680126e-03
3.580312129974740163e-03
3.693440444018666977e-03
3.433689489491641850e-03
3.186995248495619239e-03
4.026000915043691057e-03
5.884661746012900992e-03
4.610161651569206348e-03
3.848377637303634826e-03
3.520135357404189334e-03
3.657174004397908702e-03
3.340542957696000792e-03
3.283585491691491231e-03
4.326167253963631061e-03
3.184801964029938467e-03
3.629013642415937230e-03
4.159907857231822867e-03
4.684758961227010118e-03
3.818837036293643277e-03
3.745508496123641558e-03
4.896173982960404236e-03
4.055785780449044919e-03
4.477680904572838017e-03
4.369156727343875141e-03
4.899655873445416844e-03
3.638141151175135462e-03
4.362671304313486126e-03
3.850199645321798932e-03
2.525866703038809769e-03
4.907921898607004764e-03
3.775864286560862149e-03
4.532301225256145198e-03
3.271696316901214624e-03
4.362389558012003295e-03
3.344827111681704986e-03
4.662798542462556761e-03
3.717485175585577301e-03
3.946409909309804218e-03
4.012990467929814821e-03
5.131483653627775220e-03
3.895664948592550067e-03
3.900439664743056076e-03
3.649421212498673520e-03
3.317972100311927797e-03
3.692196300600436489e-03
4.353997590783901042e-03
4.398222532258216043e-03
4.184607788987751778e-03
4.175045252725538905e-03
4.015015554029085013e-03
3.600856964393886299e-03
4.407577589996980287e-03
5.008157296883648801e-03
3.208870908985539568e-03
3.197258119494348141e-03
3.889052829319391853e-03
4.661700044062950729e-03
3.680421900272282630e-03
3.134645940322082925e-03
3.299061319882281088e-03
4.600618192632298029e-03
4.447388233177734101e-03
3.981836723145732414e-03
4.257096979446262086e-03
4.452954837347842393e-03
3.782904938992373567e-03
4.453702763811987105e-03
3.684283321709826749e-03
3.557648498758122103e-03
5.234372671971448260e-03
3.633863702645772492e-03
4.439005139097311134e-03
4.024329186163538678e-03
4.760132928101963590e-03
3.664683351965917525e-03
3.364903257019883926e-03
4.483798478410836764e-03
4.208514679100753067e-03
4.212208666091534631e-03
4.144439403881104537e-03
3.634171797113798855e-03
3.703198485771801250e-03
3.259293292306724311e-03
2.901640910865131619e-03
3.914647928705371552e-03
5.009926935927961483e-03
2.649692075123255205e-03
4.037493287830480442e-03
3.556517990279455584e-03
5.271196143683598567e-03
2.982097423036497285e-03
4.442753083787561764e-03
3.225075850729747055e-03
4.452559847492817274e-03
4.320677298453410621e-03
3.848277180300385073e-03
5.218280005233372383e-03
4.006479928746008341e-03
3.096436308372978348e-03
4.117375613863810853e-03
3.436840864564278709e-03
4.098352260637085250e-03
3.149738156917935693e-03
4.884142347183689954e-03
4.203795167131598245e-03
3.523510061754942836e-03
4.475068976854416382e-03
4.205525815283371084e-03
2.827912822723173576e-03
4.570782678603056357e-03
4.107923239487195136e-03
3.708374990891798260e-03
5.268795039439142652e-03
5.611520281377138653e-03
3.631290220794241956e-03
5.447025691877464479e-03
4.229749392612912329e-03
3.465291501397498291e-03
4.223645871313911476e-03
3.683249985889831563e-03
3.619064455485258413e-03
3.365293607806242940e-03
5.640704898261602977e-03
3.488059436853142587e-03
3.001936567659237078e-03
3.692553861997074308e-03
3.941596456972526127e-03
3.996150811390184604e-03
3.291721471360606419e-03
3.899961081464507415e-03
3.940290081541235508e-03
3.423168237596784132e-03
3.734193600803251134e-03
3.641401691685878985e-03
3.461987960173325534e-03
4.096421676318034825e-03
4.818794446654729204e-03
3.645689665426134034e-03
3.418647030242987720e-03
3.947627311707645366e-03
4.050057634157106304e-03
4.529556002373943610e-03
3.575246434950800009e-03
4.577683097154262859e-03
3.672697915625039704e-03
3.867629003239865006e-03
3.814339173841493642e-03
3.366007447727211062e-03
3.725379997401750184e-03
4.209429068091015240e-03
3.725791107480722671e-03
3.714848421986601239e-03
3.797475806042800023e-03
4.810867950335514197e-03
3.606059558145789136e-03
5.215719348507015518e-03
3.446176008326397745e-03
2.798414804240182633e-03
3.406693102437826585e-03
4.271608586710643266e-03
4.757101070236584468e-03
3.459458443186397628e-03
4.144718957072905663e-03
3.542592316512536456e-03
3.759160294098865158e-03
3.794419213540733971e-03
4.448191341547682275e-03
5.903816875571402806e-03
4.888930005896880739e-03
4.220925802947691347e-03
3.563201170433312644e-03
3.457778068281344014e-03
3.024106566914566870e-03
3.430705310576671625e-03
4.324716828324426561e-03
4.225016282070223790e-03
3.862579829450597715e-03
3.658096459202631653e-03
3.264446207859576614e-03
3.242859257809739115e-03
4.051059935884029212e-03
3.132559642568136758e-03
4.899166437899290551e-03
4.582068827475123916e-03
3.609948341166736765e-03
4.458509709329061023e-03
4.635411187565998195e-03
4.195158004441670169e-03
3.709919070378129864e-03
4.056439611389796654e-03
4.538202404296385294e-03
3.205985122120510056e-03
5.793233091120082896e-03
3.302143907769076927e-03
4.244036978864316502e-03
4.526989699492041906e-03
3.280158679956855176e-03
4.572637503473963097e-03
3.766609764398007321e-03
5.168710913504790012e-03
2.654719845588301465e-03
3.864681840064624653e-03
3.267676601212840103e-03
3.549341587795053644e-03
2.838418878499146362e-03
4.562832539348748127e-03
4.293064971299868741e-03
3.279465831050236944e-03
2.924158304721845899e-03
3.695665057260301856e-03
3.821743859301877759e-03
3.065146004973657700e-03
4.574163840040604799e-03
3.933701563374937364e-03
4.673670231388040233e-03
3.224132950120959552e-03
3.894070548717364424e-03
4.098289308401953032e-03
3.803315527387305089e-03
4.669888704346262381e-03
3.084488508056358515e-03
4.378083059697210344e-03
4.274912814281111792e-03
3.924017832651190314e-03
4.148989525007676718e-03
4.681231602053735098e-03
5.122582198176248505e-03
4.727754824438441805e-03
4.284385645652968519e-03
4.659437943366424688e-03
4.467965414598554230e-03
3.843248318667869933e-03
3.550131680112255349e-03
4.420677671518997119e-03
3.921388668543215189e-03
3.571000302100561536e-03
2.688633911799584789e-03
3.935104958918717033e-03
2.804227490504534407e-03
4.521574755747654120e-03
3.564281889836666897e-03
3.789152115916856901e-03
4.562603742711247683e-03
3.720641759853096035e-03
3.717038042088382024e-03
3.813702681046528178e-03
4.511742279292749527e-03
3.960507508549831850e-03
3.800344517605873731e-03
3.242501138075489040e-03
3.101675267864715136e-03
2.789023827577099147e-03
3.882236318178262664e-03
3.960175850796672503e-03
2.578145259638280930e-03
4.102055085392176254e-03
4.508489174539247711e-03
4.131445384902151033e-03
3.025896887436627797e-03
4.723162960461907423e-03
2.539447957715708186e-03
4.893380556655120561e-03
4.111869536862652191e-03
3.752546393435973304e-03
3.268169518056335699e-03
4.475512066437747731e-03
3.285722369125110287e-03
2.709818483138584817e-03
3.794764978003251250e-03
3.900852658760429244e-03
2.623041407182878561e-03
4.414515590424416755e-03
4.364396313234340796e-03
3.875635576418974722e-03
4.432527603989519331e-03
5.194356022845482250e-03
3.369328620156073189e-03
4.804575292783826862e-03
4.281156149609978423e-03
5.091733895483347393e-03
4.402511304786665101e-03
4.778446000445382875e-03
3.568465732778951932e-03
3.922732661390309662e-03
3.893910637766295930e-03
3.792457610692167354e-03
4.102450047718505036e-03
4.085735031610557982e-03
4.350213637321727854e-03
5.228823355901831942e-03
3.546700349137921985e-03
4.230431549061605852e-03
3.827768550894965552e-03
3.872663667280519615e-03
3.058671781626489013e-03
3.810549711774408824e-03
3.774893523397189823e-03
3.391413001579264303e-03
2.983637401276348008e-03
4.369162096774899078e-03
4.657845528389238481e-03
4.895298219748233683e-03
4.065468501878766877e-03
3.802450179201638091e-03
4.453790055782247750e-03
3.710945849237685598e-03
4.602821041817485234e-03
4.052548941544954417e-03
3.911997383367460564e-03
4.192928574935653185e-03
4.328408284900095437e-03
4.011346019268522377e-03
3.915298925166618010e-03
3.039743533294012381e-03
2.723457348295524674e-03
3.425951323347935229e-03
3.887285614960898916e-03
3.077146783030117530e-03
4.978206133153391735e-03
4.710679090873909694e-03
3.414867015581934864e-03
3.426858670021270745e-03
3.616299653621010517e-03
4.504197860087697826e-03
3.342383086066387943e-03
4.266835168618895828e-03
3.804693776741649349e-03
4.276118135230147152e-03
3.194666600857555203e-03
4.788398579154379102e-03
4.130229851185560422e-03
4.353203818636761611e-03
3.473711029855064154e-03
4.399543112951613891e-03
3.769662733831220195e-03
2.764209193061752893e-03
3.019311924801918855e-03
3.501078330197754471e-03
3.940738214986441029e-03
3.883316162888415368e-03
3.598865096884171829e-03
2.727069981012567555e-03
3.171587294855677652e-03
4.058045192392799316e-03
4.283566618441918272e-03
4.624599684617605733e-03
2.849909140415684584e-03
3.107931150743314507e-03
5.087496162550262692e-03
4.244598851622260159e-03
3.774243794857622038e-03
3.414410040495050556e-03
3.882218550122502020e-03
3.284661373848187134e-03
4.675251910078477048e-03
4.026812629256538642e-03
3.516610966108602715e-03
3.715647082593694344e-03
3.892024235455500154e-03
5.676183052790203208e-03
4.242109999511498725e-03
4.898331394198288287e-03
5.297989613304670414e-03
3.253545871674979207e-03
3.063560462294236640e-03
3.573613359501231091e-03
3.066094014108559918e-03
3.836236503538839344e-03
3.451204395542502648e-03
4.072020981827815210e-03
5.060122190781972916e-03
4.122283035293087053e-03
2.809965402053739032e-03
5.532283903679061955e-03
3.116747180355457572e-03
5.636087326554945105e-03
5.291069328193470471e-03
4.628667610685438354e-03
3.795144782670772238e-03
3.914617118882336710e-03
3.725545613178023793e-03
5.431163368054651129e-03
4.226509010769241223e-03
4.102078452415123914e-03
3.680902142068506917e-03
4.812426605721018338e-03
3.392867977319479617e-03
4.151284016948849319e-03
2.992599158474219291e-03
3.414092130919677091e-03
3.448883774899721890e-03
3.016371011467763267e-03
3.278017143297950152e-03
3.942263204388069507e-03
4.276354964850814268e-03
3.878555134274149201e-03
4.852698690808048693e-03
3.383846652881167781e-03
4.454871756033133672e-03
3.797372602976682287e-03
3.528141368736971342e-03
4.357992787561054335e-03
3.594892684442115970e-03
4.435570063602014938e-03
3.812517226445198172e-03
3.725279733071861638e-03
4.609851432797695131e-03
3.908335448324252483e-03
3.680768648863601798e-03
4.676347383042948024e-03
4.115210916471961911e-03
2.931632527133082831e-03
3.771337023621047432e-03
3.431973066958738522e-03
4.903976127973041881e-03
4.138953367883001742e-03
4.513507581169457113e-03
3.046010298507526026e-03
4.654301685496712790e-03
4.721633094589853565e-03
2.900264888888811135e-03
3.818231747738199972e-03
4.127803058037321678e-03
3.851964602596897984e-03
4.228459472530206320e-03
3.742781793980020331e-03
5.417594438433975292e-03
3.719934831810637992e-03
4.128096442861241971e-03
3.480166849269542527e-03
3.845285229587730273e-03
4.471767920395064606e-03
3.301739492426617427e-03
3.887566022172756972e-03
3.978666213473570912e-03
4.667784755427315663e-03
3.822760306511993004e-03
3.189708995920205979e-03
3.467494409041856594e-03
4.099720945865506852e-03
4.826133891140301120e-03
4.733445749731222604e-03
4.128748550458251690e-03
4.131112057080564386e-03
3.971260483494274893e-03
3.568880223534959175e-03
3.155663177585411178e-03
3.301502991600977106e-03
2.861533147663094731e-03
3.503269946876288142e-03
3.826784445015173324e-03
3.669551321519282615e-03
3.979051361629549165e-03
4.452290835310681975e-03
3.954739957074551206e-03
5.228214261832661580e-03
3.585404423594503159e-03
3.858824255133239470e-03
4.452611332938103718e-03
4.207638417942430320e-03
4.506658254788682531e-03
4.561663801088745342e-03
3.939636101508846300e-03
3.229560321577624581e-03
4.807344679071700634e-03
3.481536575702929258e-03
3.780655290363074683e-03
3.341997934944523473e-03
4.730694101245062379e-03
3.987812589224342362e-03
3.065663673369553414e-03
4.292481346092185193e-03
3.965896719978020783e-03
2.865445535717329757e-03
4.176066401393286644e-03
4.191170235355767999e-03
4.233977936681924611e-03
3.995335276326757515e-03
4.200387499430593106e-03
4.128377375598852282e-03
4.868566770994028556e-03
3.572909917052914924e-03
3.619598425688700348e-03
3.374474842650298199e-03
2.822207405212257599e-03
2.565590224549189544e-03
4.870053311032036120e-03
3.745464945636497924e-03
4.366083771373065886e-03
3.911683190884098459e-03
3.854973721557204431e-03
3.885841904011889340e-03
3.904887096606069179e-03
2.883383000164548276e-03
3.573635338509434378e-03
3.476345017848070287e-03
4.875665149634298388e-03
3.405059133672948355e-03
3.772635477882437059e-03
3.930640647956857442e-03
4.246177580112148707e-03
4.316358928099277292e-03
3.677396631258637687e-03
4.827885394017629797e-03
3.926022791562786170e-03
2.886708638352265561e-03
4.619903804991472643e-03
3.950174448726631246e-03
3.145854045838687024e-03
3.697770133066902512e-03
4.109848462280509158e-03
4.239548951996508636e-03
3.308803934796021324e-03
3.164684355081097411e-03
4.284131768468024508e-03
5.000278521117275561e-03
3.963174210422889046e-03
3.371610768814025175e-03
3.307228843002537298e-03
4.258959416867961686e-03
4.896454874699782828e-03
3.164737373646625725e-03
4.946269661910104518e-03
4.049579421883028711e-03
3.493149152671843130e-03
3.436469455471161377e-03
3.204377499426432942e-03
2.848834032760888795e-03
3.238871373572057340e-03
4.181399506993956072e-03
4.069059825392575339e-03
3.732486056235339005e-03
3.153838782314435842e-03
3.125367411285059384e-03
2.490006721190319173e-03
4.686170797461677341e-03
4.453745569287448185e-03
4.294507513898466675e-03
3.761000619284428012e-03
3.019840303271504895e-03
4.622933560421191301e-03
3.527254584901669265e-03
3.127345719354441157e-03
4.083646608401009931e-03
3.660702555411604348e-03
3.420038576537584411e-03
3.408335880015426166e-03
3.676170220699784708e-03
3.467589279581768415e-03
5.228967280069440025e-03
3.692282288841304463e-03
4.060989640200293044e-03
3.371217637659722904e-03
4.208435059779173752e-03
4.139853937756145068e-03
3.768268139936751821e-03
3.885939912965518869e-03
5.471870116497230471e-03
3.587393753578188051e-03
4.612932340579424181e-03
4.060421735789750131e-03
4.255452788966017363e-03
3.631163036207885834e-03
4.727673904411548202e-03
3.747217645888066290e-03
3.572798198696530876e-03
3.156424046597917921e-03
4.270207931476397573e-03
4.700498929395754803e-03
3.620358103548598685e-03
2.447283253475551930e-03
3.919316656079007907e-03
5.058471941703977098e-03
3.383520980593591240e-03
4.688849735480163025e-03
4.075479664744839810e-03
4.372387848614307446e-03
2.751737096035055102e-03
4.076972899091029813e-03
2.591674909006947813e-03
3.910163122809916236e-03
2.651509999051084726e-03
4.017488395009856904e-03
3.835903401784494446e-03
4.973091869600964818e-03
3.410736127904824468e-03
3.430343084445531491e-03
4.381887906244395607e-03
4.136928685103576087e-03
4.620702009156232165e-03
4.786170467751431519e-03
3.442205823367044514e-03
5.627987251501486397e-03
3.076350992771191041e-03
4.325967573691453724e-03
3.381289671303606015e-03
3.695084035863813177e-03
3.183071299942660977e-03
3.064261059767760600e-03
4.356434532320250554e-03
4.402977092248009337e-03
3.833296768952564743e-03
2.898942432351355510e-03
3.034762314480750345e-03
4.239917551838738932e-03
2.656469810794218067e-03
4.246566441725536586e-03
3.447087121685569761e-03
4.306912625894538868e-03
3.114526328789235261e-03
5.026155311717949228e-03
4.569137515216925571e-03
3.320715444263684993e-03
3.068181448851349871e-03
3.107030427507489253e-03
3.723183886818068767e-03
3.951028983395775060e-03
4.166864354497596366e-03
4.415478831721162019e-03
3.848491336312165941e-03
2.993998670793411154e-03
4.762943480110724132e-03
3.844359806931074361e-03
3.184653217394680779e-03
3.371077422019641556e-03
3.450228641530117286e-03
3.371899483095857405e-03
4.365940994400879793e-03
3.593251637231308516e-03
4.006388899261514695e-03
4.241837205323371190e-03
4.151015945431500535e-03
3.743709161152057423e-03
3.163912905932651440e-03
5.202376029403719786e-03
3.386870213448177260e-03
3.201591001893568794e-03
3.459898786026724491e-03
4.809173587690168152e-03
4.396387608636246301e-03
3.155989514160668138e-03
3.341675466399165930e-03
3.771603504732005431e-03
4.734456258607534426e-03
4.076447247305757873e-03
4.262081448628502432e-03
3.164218406611589342e-03
5.429258487825871886e-03
3.766889650301777966e-03
3.148995242641540026e-03
4.436712882724217280e-03
4.052817351302792637e-03
4.968392954069063630e-03
3.587036548676572102e-03
4.265226048739774803e-03
3.928612444306878344e-03
4.670245128049908302e-03
4.273880900375240377e-03
3.361669310084840906e-03
3.962296628531128753e-03
4.378393730173067364e-03
3.785948044038389606e-03
3.551110014039431627e-03
3.353469710791319447e-03
3.664608356882931815e-03
5.253131865944320016e-03
4.746741254528678150e-03
4.347258708386765591e-03
3.088213044904055109e-03
3.889233454314351950e-03
5.315696841412246264e-03
3.617930569347230924e-03
3.940988722015394824e-03
3.439097539681373709e-03
4.938755814388523166e-03
3.320189452245065915e-03
4.322649358411098999e-03
3.452716420569039869e-03
5.288741223057345613e-03
4.786250646423580168e-03
4.171538990353464843e-03
4.088317600792984105e-03
2.966953283991905117e-03
3.951583795049514770e-03
3.441982913928609122e-03
5.377335288283678627e-03
4.439320598545700054e-03
3.883897902522499314e-03
4.213247716376384254e-03
3.549080756515186029e-03
3.314802219865794781e-03
3.761759078266484375e-03
5.117975454462669188e-03
4.851093718807039830e-03
4.342704335723081462e-03
3.419255090271174601e-03
4.199381178899977592e-03
4.848723487840348075e-03
4.688177146239175253e-03
