2.192316900230452392e-02
1.635709964033005975e-02
2.137946543820772038e-02
1.658917491709172021e-02
1.842958931437969558e-02
1.954469476406428194e-02
1.905546186289128890e-02
2.930903678940898621e-02
2.177427365356887634e-02
2.493115221422013625e-02
2.819065794714157094e-02
2.361364050318308025e-02
2.345864663869214051e-02
1.581727416828249827e-02
2.420201257329013256e-02
1.763076789482379350e-02
1.948074429515683076e-02
1.279645528101816879e-02
2.212847261189802850e-02
2.436890286256552379e-02
1.839850303836072787e-02
2.881842095361757117e-02
2.791876220283931453e-02
2.674928166478377639e-02
2.957936755424055153e-02
2.026347504491800983e-02
2.175926723354155989e-02
1.542806940264520275e-02
1.858790436061155335e-02
2.175343043071349680e-02
2.427232123752770185e-02
1.445245788933249148e-02
2.335119360754707094e-02
1.725553260492641156e-02
2.566760340972235391e-02
2.067641107888785676e-02
2.318892454576562678e-02
2.002052760654889421e-02
2.120867207396294127e-02
1.937226665217018154e-02
1.923710791498965331e-02
2.307647876383658175e-02
1.765770839501430364e-02
2.197267335635308405e-02
2.585346561223985512e-02
1.463615014963731351e-02
1.899376833159738959e-02
3.092012361186881678e-02
2.304784391174971928e-02
1.618096927734313795e-02
2.730143732337426965e-02
3.080314767022598529e-02
2.988515756687563571e-02
2.279430422786049223e-02
2.413804115606964923e-02
2.816223966695204778e-02
1.713719478892537090e-02
1.413454915290876870e-02
1.477824090352527174e-02
1.684807448495593413e-02
2.258785114287739648e-02
2.258189260760678010e-02
2.596889923831750130e-02
1.276339649349074283e-02
2.257230140314313294e-02
2.359731876712702070e-02
2.724726062691955678e-02
2.340074175157036071e-02
2.532716097486870446e-02
2.397772201558356561e-02
2.346889830640236721e-02
2.255089486158708828e-02
1.957701463307573442e-02
2.700682467907037504e-02
1.812784466343127232e-02
2.474733165340899793e-02
1.700517867644939229e-02
2.851342360241150564e-02
1.781955796824175389e-02
2.446148186723422213e-02
2.246405345080236537e-02
2.778684997160785208e-02
2.765136856276765101e-02
2.686113029905278643e-02
4.118818656963187108e-02
1.704262184285339904e-02
1.829556620241540657e-02
1.779463909550460174e-02
2.052191690638229676e-02
2.294645433477430010e-02
2.282095768895112120e-02
3.377643989034954247e-02
2.170146866496465085e-02
2.423055094413998495e-02
1.683366029726120552e-02
2.662712217067108450e-02
2.343198139021993379e-02
1.825736411098922637e-02
1.989984932845160343e-02
1.898506183930298227e-02
2.280953032090503665e-02
2.984626592848887289e-02
1.821967678321269324e-02
1.720152115169583731e-02
3.535926377574086232e-02
1.845688858890345493e-02
2.196160388799323071e-02
2.544851887962059842e-02
1.409899231234947731e-02
2.223133409759994392e-02
1.690792796855605795e-02
2.518312110174458773e-02
1.707444141657446512e-02
2.029081534405712678e-02
1.083874643754396960e-02
1.889368410330386286e-02
2.340032122693806033e-02
2.116279133666199019e-02
2.431325756672855429e-02
1.970920484082654828e-02
3.030857625024020729e-02
2.470853070227888373e-02
2.918624088645619188e-02
2.840803168232482190e-02
3.325475432251506769e-02
1.677041407298150710e-02
2.436204795163829373e-02
2.147381689918208617e-02
2.076508046318238307e-02
2.761699823324269623e-02
1.760029712580898562e-02
1.869117038497672065e-02
1.868751080645783200e-02
1.689414682653996372e-02
3.230904616994964562e-02
1.653683179926274116e-02
2.485190440585305013e-02
3.113977405495117756e-02
1.978200801302592085e-02
2.551658571577152326e-02
1.708021017007042494e-02
2.436667325560728029e-02
1.888744372901018584e-02
2.035791492905393921e-02
1.506308271826633724e-02
2.858573407788295509e-02
2.205269844203871024e-02
2.200308746521735873e-02
1.581016992131714302e-02
1.810874596461206631e-02
3.912613597029381690e-02
2.372599016063686034e-02
3.129296812673477979e-02
1.550257931649795008e-02
2.401472565999702991e-02
2.660088960545325953e-02
2.359380018626037329e-02
1.659116255603038104e-02
2.252591601607409691e-02
1.731285467451931792e-02
2.980831999762776491e-02
1.418800264134363436e-02
2.085452823996860466e-02
2.281602226696899383e-02
2.677500628020614698e-02
2.564713507195051298e-02
2.349716208994727037e-02
1.715617054891467597e-02
2.645677289404945939e-02
2.613816306919733781e-02
2.112545256077276098e-02
2.334490173700443441e-02
3.489100242431409510e-02
2.548824852611008066e-02
2.245981278317969732e-02
2.718251827538897825e-02
2.044795290651644018e-02
1.787443602207945681e-02
2.122146374836109822e-02
2.097563902893769677e-02
2.112027632399491109e-02
1.717291668249296480e-02
1.890580722709358716e-02
1.754526400883926404e-02
1.580707740676148831e-02
1.589547800228058999e-02
1.889240211875896011e-02
1.634960779419667928e-02
2.239208299494292384e-02
3.004961010936772065e-02
2.154078669203619845e-02
1.069983306084215137e-02
2.300845915632190875e-02
2.253072100325919161e-02
2.411504046213178848e-02
2.867277396775918044e-02
2.011811699305661796e-02
2.054547567529212138e-02
2.019510433956322668e-02
1.705201116965822730e-02
2.629795818735832305e-02
2.120576990389226937e-02
1.557698446307480798e-02
2.228247328866524157e-02
2.255524870896986542e-02
2.123589219957863414e-02
2.632318701186510748e-02
3.111251435063076137e-02
2.297276893474488324e-02
1.253757957271290496e-02
2.223362702217918790e-02
1.713385826970487136e-02
2.994613050209110963e-02
2.978325764318614371e-02
1.851534534748704511e-02
2.103698196686496977e-02
2.052219495904497593e-02
1.850593519597847417e-02
1.888415626784338552e-02
2.157857759905208728e-02
2.266362172114528423e-02
2.012580592772338084e-02
1.185545262162096547e-02
1.804934248210337405e-02
2.545795009810711620e-02
2.399879487139805131e-02
2.398428721530512439e-02
2.164899820812520720e-02
1.743445820435060578e-02
1.465750886923252415e-02
1.995407350867214186e-02
1.702085378962207157e-02
2.424275429701938309e-02
1.642695495680738735e-02
2.589361462452134666e-02
1.790119159636389956e-02
1.503880753149521368e-02
1.979754212854635542e-02
1.779342646067459677e-02
2.740353119738371881e-02
2.261073194569593672e-02
1.652236457118693574e-02
2.263719935589090723e-02
2.322866080584637394e-02
2.698686779588294407e-02
1.754430571053905430e-02
1.823958775128745741e-02
1.849838163617819123e-02
2.408590189962061395e-02
1.667481265710060029e-02
1.554653290986527346e-02
1.703823817261758064e-02
3.213072022981709741e-02
1.738914175864148329e-02
3.135901415475676052e-02
1.363838661408278002e-02
2.706951022425971298e-02
2.782768930504886384e-02
2.168397049317995207e-02
1.558416164940804559e-02
1.855718720573414776e-02
2.298439427542450092e-02
2.809424580350270914e-02
2.363897822948846442e-02
1.935519875306577695e-02
2.149321808080338972e-02
2.145296812821571517e-02
3.207196436264692085e-02
1.761288309853214010e-02
2.870853220283629478e-02
2.405592034250143146e-02
1.366617224724061760e-02
2.911149353300800102e-02
1.994032310670632718e-02
1.852205994633683919e-02
2.100919428673735101e-02
1.920343766581219039e-02
2.516091408681593936e-02
2.349008533368726961e-02
1.901251966656581152e-02
2.721215832670940624e-02
2.236257044511837794e-02
2.468280975755788795e-02
2.277813900386616713e-02
2.175401137458336104e-02
1.943018804054309420e-02
1.735968469949791468e-02
2.157686137211648966e-02
2.322365146138301653e-02
3.094853814732199254e-02
1.747032989263652344e-02
1.812631437551793026e-02
2.766491811948508864e-02
1.539667707201018525e-02
2.904655750451382024e-02
1.553837382174548358e-02
1.236942926518642787e-02
2.119859957445268187e-02
2.610999277972406163e-02
2.394309234981967932e-02
3.287383724497796450e-02
1.634795973629937088e-02
1.450647626305734926e-02
1.426746633522714240e-02
2.966325792538940243e-02
1.414632374240773136e-02
2.279343428001744803e-02
1.909991024559212769e-02
2.831347025367175058e-02
3.449853517048900170e-02
1.730546608268415318e-02
3.348986348725499496e-02
1.812554268274125385e-02
2.603835065266493082e-02
1.674727276111912661e-02
2.611776321152336350e-02
2.169604951844225291e-02
1.920457580191086561e-02
2.250125970876701992e-02
1.833015983162229398e-02
1.552396191147409690e-02
1.823935227262973163e-02
2.024824383653005960e-02
2.172110252159430155e-02
1.845629831441411919e-02
2.060120761126468455e-02
2.258432491207922055e-02
1.792624114415645661e-02
3.085520850795468728e-02
2.232851478209430321e-02
2.654702872447428641e-02
2.189794739025320222e-02
1.884516754926244750e-02
2.202565802257059821e-02
2.184912252548154576e-02
1.839464520241250803e-02
2.283267950618454376e-02
2.117996172269815541e-02
2.679042060745017925e-02
1.851680620980456285e-02
2.519363828674846609e-02
2.778945419974789000e-02
1.961618976425370461e-02
2.297180289949220244e-02
2.287411220582627816e-02
2.255105864223263742e-02
1.987327328632940843e-02
1.951953694754909527e-02
2.195816887887085816e-02
2.939149705480547520e-02
2.147089699665687482e-02
1.406518844364148049e-02
1.909387164912026980e-02
1.591529656203039683e-02
2.365836641228515058e-02
1.710648882407088400e-02
1.828214864054665545e-02
2.820390509934921769e-02
2.026145195862046750e-02
1.257514493727996362e-02
1.790910298791351801e-02
2.015367860752976387e-02
2.417350656300932751e-02
2.416151328989363245e-02
2.559293515045579087e-02
1.649824961085929673e-02
2.238287386971169260e-02
1.960340648549429785e-02
1.953468487216327917e-02
2.171501901694502037e-02
2.216290403042302237e-02
2.613399281420080572e-02
2.666736518826657437e-02
2.042141767523632592e-02
2.140702047407626665e-02
2.117797187029009029e-02
1.353239356621303326e-02
2.133662924510340911e-02
1.823532299950077207e-02
1.909098166004243036e-02
1.960292538628408826e-02
2.682003386423275487e-02
2.008722749704225374e-02
2.299464428973691313e-02
1.731588305614055814e-02
2.563279111865397059e-02
2.805282411229762310e-02
2.251389182632020092e-02
1.594224459789539416e-02
2.690989319338196045e-02
2.000079148232681084e-02
1.751095226220519135e-02
1.965697742523561664e-02
2.183512641494612591e-02
1.976036816833559931e-02
2.138426021672690594e-02
1.918446462239117509e-02
1.947301833896773748e-02
1.682776441512736157e-02
2.545605504314431278e-02
2.556444295963307758e-02
1.912642179627988687e-02
1.402216061127450723e-02
2.445924904752901086e-02
2.045949918471855200e-02
1.511518332456361635e-02
2.412626878097868730e-02
1.984877821445928808e-02
1.555839586102357973e-02
1.536398262627044001e-02
1.603015179550766264e-02
1.641155429748214836e-02
3.359121739849722094e-02
2.883971047409219710e-02
2.698872132573789523e-02
1.698196430655421821e-02
2.506464154172961117e-02
2.395324917261868955e-02
2.398816151403257435e-02
2.347760449807899039e-02
2.695568839134000055e-02
2.517053160130833245e-02
1.538636248816191779e-02
1.721546524734010597e-02
1.709514801812494697e-02
1.573252793983420661e-02
2.831820709096381089e-02
2.280219239107766568e-02
1.921800747970718592e-02
2.526801342984610552e-02
1.907961926499291902e-02
1.776082639292132781e-02
2.977316404406508271e-02
1.573551635479028543e-02
2.037539250691158821e-02
1.735010125765817229e-02
2.032145624930804806e-02
2.520169123100076194e-02
2.221687394702806170e-02
2.909699368506648426e-02
1.946782042013213768e-02
2.861144470666732165e-02
1.676143139996346190e-02
3.255893480177964039e-02
1.580607400399405837e-02
1.264823793666822703e-02
1.987005714277664120e-02
2.076447337253316955e-02
2.260782751114242747e-02
2.409201726454259992e-02
1.751743949907745915e-02
1.694780225966617537e-02
2.754333663207878327e-02
1.585830198521131357e-02
1.161699613396929495e-02
2.064383139700006614e-02
2.396577675429257051e-02
2.240008754470893329e-02
1.666851693323979228e-02
2.694778259451642219e-02
1.981553544865531646e-02
2.278488807981820380e-02
2.407561715083743684e-02
1.922806412162928261e-02
2.503061145813826466e-02
2.971276743213694879e-02
1.606665439709416277e-02
2.303582095993535889e-02
2.234483191520120898e-02
1.821770781582970206e-02
2.277734166364582188e-02
2.026919915333889183e-02
2.325442700046615949e-02
2.089904717870268505e-02
1.375755199263229735e-02
2.474746710545421002e-02
1.955921294969068663e-02
2.670594490548991798e-02
2.395814954313491701e-02
2.258334670180623879e-02
2.209331881902567782e-02
1.896671912708519300e-02
1.636462343896960547e-02
2.111355164653832064e-02
2.718942337889364291e-02
1.607167302906488404e-02
3.219934159502775561e-02
3.158035151454065964e-02
2.180956223448911324e-02
2.052711869369413383e-02
2.112523964819288530e-02
2.795872443156716472e-02
2.289110909584542511e-02
2.502129546328441326e-02
3.013323717352916695e-02
2.508350469954616704e-02
3.010128104781988403e-02
2.462824871177161923e-02
1.583984405320121996e-02
1.840571424490353158e-02
1.637348341761132170e-02
2.050612485289118533e-02
2.170570179588704116e-02
1.829903116849561362e-02
2.656038688006213608e-02
1.753953385412598473e-02
2.725711318496498725e-02
1.884649197230378256e-02
2.307793270175460473e-02
2.316172043200248956e-02
1.527260188468540329e-02
2.642398055672263296e-02
1.197242191802853906e-02
3.001424578319366113e-02
1.534074956175258964e-02
1.558688086385091355e-02
2.254376450834039841e-02
1.668524774912575476e-02
2.241552366674239016e-02
2.547923825954374541e-02
2.438834810249209187e-02
1.934054752736417623e-02
1.669930834701715411e-02
2.021373422494644398e-02
2.486749489312835293e-02
1.838787017938789056e-02
2.715734881399489362e-02
1.120940343194161935e-02
2.039693641497346277e-02
2.154321066817004374e-02
1.961601663421617958e-02
1.179355989134182013e-02
2.826528290280471215e-02
2.969773929590394448e-02
2.159602846148182473e-02
2.208515930079141265e-02
2.057754144610137934e-02
2.463437827834967855e-02
2.123761284870767999e-02
2.667659418296573076e-02
2.761614443917781436e-02
2.164430240905960284e-02
2.206065257503773969e-02
2.647356390044072749e-02
1.786953582533692964e-02
1.915636902752912429e-02
2.145908422078820002e-02
1.830761244557149725e-02
1.927142184005485245e-02
1.492492588692937924e-02
1.884545057294381015e-02
2.351899039825591786e-02
2.011836755991178172e-02
2.263835055759007633e-02
1.689332542008593549e-02
2.202411898114201363e-02
2.751661482058893535e-02
1.728061754181434845e-02
2.225363211422996812e-02
2.243995998464636335e-02
2.978569111251320317e-02
1.731801762078736748e-02
1.647799503665607276e-02
2.650805123159432827e-02
2.209759928237184021e-02
1.435638667114130101e-02
3.270601950830257648e-02
2.464252385642303617e-02
2.245046970899219549e-02
2.355371355615099374e-02
3.233010564827269034e-02
2.292272517145433133e-02
2.267217549063508739e-02
2.563637952195672171e-02
1.443151869767849045e-02
2.685974126500613110e-02
3.001151657716493587e-02
2.410717900643152140e-02
2.369705457940752061e-02
1.396970351715232962e-02
3.018638603912383866e-02
1.606113595475856110e-02
3.163826674416518603e-02
2.454661992510717358e-02
1.376602528463534772e-02
1.477615506702279619e-02
2.041483549852090781e-02
2.890468630959795726e-02
2.350943235070802537e-02
2.231753700695595505e-02
2.465492258480986298e-02
2.305524086885802487e-02
2.230767436829245512e-02
2.028447579201902301e-02
2.780979342159062631e-02
2.407313163731752970e-02
2.023693485344444168e-02
2.063859719043339633e-02
2.181422015676159551e-02
2.441580359601159059e-02
2.847297645246775130e-02
1.759730405721071991e-02
1.624470760569660804e-02
1.881289831356834294e-02
2.378593580732112772e-02
3.357788839401332909e-02
2.199841059446037625e-02
1.446675022398129402e-02
3.050787717927618339e-02
2.892257066563892753e-02
2.772326795726210574e-02
2.067555273600122159e-02
1.809475454836623545e-02
1.819432124460486355e-02
2.041741908717521758e-02
1.731244499576607004e-02
1.927509976917294102e-02
2.238559536252093807e-02
2.309977634157029877e-02
2.381621509170663703e-02
1.973918175118613907e-02
2.165844492114995384e-02
1.314937454846457250e-02
3.217842699865517547e-02
2.284523899092087348e-02
1.938055053416945853e-02
2.265349120240248149e-02
2.268075528150276590e-02
2.234318768696106836e-02
2.281013525882074830e-02
3.274623356277565206e-02
2.752896480413405747e-02
1.987828776502809439e-02
1.893947585774040029e-02
2.295739759584413189e-02
1.961872940910965035e-02
2.351544541840112912e-02
2.426778092115984900e-02
2.044747106487925653e-02
2.749784664157857439e-02
3.182961713084397903e-02
2.461022048282366509e-02
1.951480809540608041e-02
2.880133489087015330e-02
2.734751512130544418e-02
2.250270282204124006e-02
1.656843589732767338e-02
2.272777686329847946e-02
2.143597564063873251e-02
3.146015376632337046e-02
1.972210852699366954e-02
2.834547913358443152e-02
2.068359726793266018e-02
2.269384944068077170e-02
2.531491152205321560e-02
2.294198642508684868e-02
1.697998705237845421e-02
2.269728900653588191e-02
1.143829629367490962e-02
3.316926817089312779e-02
2.230514117498192880e-02
2.325189010760228894e-02
1.949480309772480546e-02
1.452405049744392475e-02
2.807653353639704211e-02
2.600595575981717519e-02
2.171129659348703875e-02
2.362295890895175707e-02
2.609023443846323481e-02
1.796144610574250053e-02
2.886043033508096933e-02
3.702039838443840769e-02
1.928637735836305836e-02
2.182867998496045361e-02
2.314600594581095114e-02
1.613397059854648416e-02
1.686875077844580267e-02
2.046673575097535114e-02
1.398671499269279854e-02
1.848447608586499882e-02
1.560854127539052297e-02
2.585624950692300139e-02
3.306624450189610959e-02
2.563436953606805166e-02
3.243321576861593614e-02
1.946072478032863026e-02
1.795282567715559760e-02
2.366638581768651037e-02
2.095183667636543734e-02
2.729898548471833969e-02
2.124961862124682965e-02
2.099041527614407127e-02
3.190685460326087713e-02
1.816518434315160524e-02
1.303146447955913327e-02
2.255300946246501306e-02
1.925210076818786517e-02
2.722411501013540305e-02
2.262518983367104927e-02
2.116521506755501131e-02
2.401069933569121087e-02
2.287103936202511401e-02
3.387276850065280842e-02
3.096247393211472992e-02
2.250416848645643217e-02
2.337175776701630459e-02
2.974080598967279027e-02
3.295821485060832640e-02
2.498473388717351376e-02
2.093058987261837978e-02
2.183614729712261837e-02
2.793019294887998105e-02
2.579796783211545791e-02
3.254030696237733555e-02
2.577359597996582014e-02
1.969428442860357217e-02
2.558851177229468088e-02
1.921088787354630761e-02
2.496966571145966748e-02
2.033821153360434314e-02
2.642131800873226757e-02
1.763379552298919434e-02
2.279059590970542934e-02
1.918130407730667814e-02
2.405601566877252004e-02
2.110773544393954038e-02
3.049107603099016767e-02
2.134921352289602045e-02
1.542524162364916455e-02
2.674035700338580485e-02
2.862057718227432185e-02
2.384850732267046816e-02
2.146688441374824258e-02
1.926703921747795895e-02
2.167671006637532372e-02
1.732650042777816174e-02
1.852381184394594205e-02
2.444038523097073062e-02
2.959577208185836666e-02
2.013158929798288324e-02
2.384817514001784031e-02
1.634337484487043829e-02
2.129662237955552012e-02
2.541009339219317889e-02
2.001689752094458832e-02
2.563348810098891456e-02
2.573295066752467192e-02
2.719781408802670122e-02
2.279838130910603541e-02
2.307258876969633943e-02
1.362592904273112089e-02
2.550276204917454465e-02
2.420006664272268335e-02
1.735957173049864147e-02
2.225072559814191345e-02
2.018332048941749030e-02
2.449875036382742274e-02
2.098526766628814114e-02
1.551835806962981526e-02
2.302784602102119632e-02
2.574966139314530805e-02
1.974291091382242985e-02
2.306660797886017286e-02
1.833438411273965313e-02
2.832004731988482446e-02
1.510385084889472214e-02
1.936930546248743362e-02
1.966996018170901611e-02
2.186030636631871790e-02
2.276725504301064726e-02
3.232860870618940036e-02
3.100274293571763859e-02
2.289701295226156952e-02
1.796919573162666928e-02
1.933479515946204264e-02
3.022134222979201701e-02
1.733664778959201347e-02
1.832959572234840046e-02
2.407407724414384678e-02
2.759508186631512774e-02
1.804582659888579951e-02
2.222220980670769341e-02
2.390630776083968803e-02
1.802865372088641518e-02
1.901140873354068353e-02
1.889738365607718934e-02
1.784118746535146363e-02
1.785554692478729527e-02
1.568675950023447688e-02
2.263221197247846511e-02
2.001295476271101881e-02
3.765242764674029546e-02
2.934528172990961276e-02
2.423281865632881740e-02
1.573405424965385740e-02
2.671747549484938811e-02
1.741955496754635235e-02
2.645395836003570575e-02
2.311162955844206848e-02
1.068085835400396644e-02
2.279638971627921673e-02
2.263586253246380187e-02
2.132711848750197883e-02
1.800562618096303302e-02
2.345346166224327941e-02
2.884401109004704547e-02
2.416082910754754204e-02
2.311695529521333795e-02
2.454703604133606082e-02
2.088125082182372069e-02
2.300499061111200075e-02
1.556490083058168980e-02
1.656906636257348547e-02
3.139022668032323549e-02
1.668214231993887450e-02
2.031757061412570176e-02
1.492600739762569087e-02
2.746547649819804440e-02
1.639272191909961485e-02
2.231350631578125562e-02
2.677845908214367826e-02
3.492524561427114843e-02
1.740912336794026710e-02
2.183404484753201022e-02
2.119110594043457571e-02
1.548631897712145385e-02
2.788153943179343466e-02
1.446167624669412143e-02
3.094463221747251885e-02
2.591742004853716391e-02
2.832019525053106751e-02
2.705879758609690267e-02
1.744118237784637870e-02
1.999443306808649026e-02
2.516490053971024918e-02
2.137223782949897177e-02
1.974552668410322134e-02
2.058017633253252446e-02
2.385901881907902256e-02
1.788387481903038617e-02
2.358839838527846192e-02
3.125614289897682418e-02
1.594460462847305943e-02
2.150734841410995371e-02
2.211338460525980737e-02
2.073149334089292514e-02
2.327080606654867434e-02
2.697758187042007677e-02
2.381694694076029115e-02
2.380340744006652354e-02
3.095360430749893518e-02
2.101149010476277210e-02
2.620572337423165629e-02
1.775917958225571233e-02
2.289267879534372802e-02
2.423299880687459010e-02
2.165853522138694309e-02
1.826086985290242132e-02
2.698270656509200657e-02
2.430369871465094117e-02
1.681050897007997993e-02
2.081137019794803214e-02
1.555016310990102110e-02
2.765201008705447591e-02
1.920831473561405295e-02
1.724341427843236949e-02
2.446477513507087573e-02
2.345642044532795373e-02
2.771370179303401377e-02
2.615141811396885438e-02
2.622204026619106426e-02
1.487708081942896998e-02
2.090293642129846183e-02
1.190358498613292189e-02
2.512370962175859354e-02
2.245780901533257420e-02
2.879756033395942244e-02
2.423276809854645400e-02
2.240571931829650129e-02
1.880299122208535165e-02
2.994929446274741461e-02
1.917537636133158016e-02
1.826931193603276854e-02
2.191572856181240800e-02
2.486533877417855531e-02
1.467324102634647194e-02
1.744143284882726866e-02
1.941064583654768944e-02
1.721567974604082743e-02
2.285281804785593146e-02
2.081064555877685726e-02
1.946918078680903025e-02
2.433226281536323560e-02
3.541591549797595134e-02
1.798040040518189206e-02
2.026191553799845321e-02
2.225466995525087616e-02
1.569715891212651593e-02
1.764500304880545212e-02
2.624745724048381176e-02
2.242780636588596194e-02
2.361794098897052746e-02
1.767109917243334799e-02
2.684953082939844221e-02
1.860051081695540329e-02
3.005401156908306740e-02
1.587729471626124142e-02
2.977150228531444051e-02
1.213418903945390898e-02
2.169494238473763936e-02
2.670714286736386445e-02
2.006402354592662710e-02
2.614374485515206376e-02
2.097048094433960619e-02
1.761833018204569251e-02
1.677686102805943727e-02
1.973088749981827608e-02
2.464747303876325610e-02
1.707533376821402174e-02
1.430827429771206437e-02
2.053631080903257564e-02
1.267381476171324135e-02
1.936817290245954407e-02
2.279574639421893048e-02
2.273419234745201536e-02
1.838036215625995021e-02
1.692789398730004669e-02
1.938273422673812349e-02
1.450623201110688709e-02
1.454992094413608793e-02
1.614499786014248275e-02
1.744565888618537092e-02
2.117423650444535260e-02
2.752603032630571156e-02
2.184643732623330753e-02
2.743391417018326353e-02
1.903514471999410290e-02
2.317272289158339368e-02
3.894977663215694330e-02
1.855199200828059822e-02
2.421140104570756665e-02
2.431775109301921242e-02
2.460314185561350217e-02
3.010675255410795448e-02
2.358276285396856964e-02
1.961360626986494854e-02
2.926225455474724263e-02
2.614775093141052942e-02
1.912154351126903185e-02
2.884983555963491902e-02
2.289238931623858650e-02
1.885461551532400040e-02
2.295964847151066995e-02
1.370490364936317179e-02
1.640140554123610539e-02
1.510943582812418473e-02
2.795877007899997060e-02
2.170845296283607784e-02
2.536331314319101651e-02
1.954288459407081333e-02
2.332373273342894585e-02
2.159985337187157392e-02
2.437905338030203414e-02
1.438451322266726638e-02
1.798211868897601692e-02
2.794300957455431167e-02
2.098286709087557322e-02
2.272667179232015083e-02
2.677674133679640300e-02
2.730766372177695356e-02
2.134937195341318067e-02
2.523113840143414305e-02
1.668684430022860168e-02
1.626751899346905866e-02
3.638760825079521977e-02
2.614828283092826555e-02
2.702878725277507721e-02
2.217973682831797869e-02
1.792701535402047019e-02
2.503433716465890135e-02
1.500947354863507027e-02
1.781104266885872450e-02
2.149300281968058793e-02
2.415437554280110144e-02
2.067649276781548598e-02
1.967335752272379029e-02
2.982175997999039763e-02
2.824563705291687279e-02
2.739500821642517833e-02
2.036585584278141972e-02
2.359253986992899260e-02
2.284497390932230254e-02
1.751307716051606067e-02
2.429392578076361095e-02
2.901258411901895887e-02
2.053813328187718487e-02
1.586956451368289056e-02
1.747227513395859314e-02
2.085629328990749876e-02
2.332904240050640357e-02
