2.712135990352726976e-03
2.510348556934120269e-03
2.743051143590587160e-03
2.938174807386451527e-03
2.414871131970063207e-03
2.513612755226193787e-03
2.552396947487677471e-03
2.736661392561368870e-03
2.330225770391865757e-03
2.695458071625166270e-03
2.346904260478365790e-03
2.611209326549799974e-03
2.877713540402926026e-03
2.409067814526697372e-03
2.406904107577604885e-03
2.546300773742937815e-03
2.543470019551523093e-03
2.436650079070163018e-03
2.392573508828898989e-03
2.534419486979457622e-03
2.807027647600372766e-03
2.884898480262660693e-03
2.817884704747001309e-03
2.747781795483708774e-03
2.514616566505852979e-03
2.518441298245416814e-03
2.959371192996402850e-03
2.549936222946124278e-03
2.791444458119620494e-03
2.346010578352012918e-03
2.623288101568510642e-03
2.772786587360722300e-03
2.782531555242657821e-03
2.495311132994715124e-03
2.781063905783402561e-03
2.444321718848167790e-03
2.986046759333672775e-03
2.710595596662392776e-03
2.429624694416287947e-03
2.712279609438381870e-03
3.125914167951296136e-03
2.865934985725037288e-03
2.674398906735275545e-03
2.834375493846191026e-03
2.809373923592106432e-03
2.503715381989378604e-03
2.593750490752661300e-03
2.759958711689011399e-03
2.508235782768744940e-03
2.391123407686721394e-03
2.733026114308487967e-03
2.570781748477712816e-03
2.811106438195727381e-03
2.816913859197044991e-03
2.309357892212814643e-03
2.479958343141970122e-03
3.047645243156862568e-03
2.858707631760067699e-03
2.995709104116630727e-03
2.629567966246069022e-03
2.459065649646313169e-03
2.436851229287162034e-03
2.655871631583640608e-03
2.698953482937454379e-03
2.631309863205657639e-03
2.662555785873190351e-03
2.720536301066394432e-03
2.608878215651634809e-03
2.369629940074436530e-03
2.778430854160666378e-03
2.400558700513529247e-03
2.486102593452012375e-03
2.581930656887214404e-03
2.681576067634494111e-03
2.854454477130757405e-03
2.318937441029194149e-03
2.642147698961836398e-03
2.641361303519684268e-03
2.728212108981034958e-03
2.284887934767886129e-03
2.702173896020761048e-03
2.684731138429736087e-03
2.339663959322895500e-03
2.975056956873349014e-03
2.392329249820308434e-03
2.280896485590119468e-03
3.080102513108823586e-03
2.449515290289989728e-03
2.303388637531850625e-03
2.943978022513292752e-03
2.639988054380976081e-03
2.576717041488767786e-03
2.314380401888380644e-03
2.392874981890641840e-03
2.671295126223285042e-03
2.688584517928644790e-03
2.470818629381653191e-03
2.453179343996329462e-03
2.750821211672451784e-03
2.651996482263669318e-03
2.608030144790327628e-03
2.462159193616239149e-03
2.810449850564117422e-03
2.694535785973596175e-03
2.599489375329963256e-03
2.613226610240794272e-03
2.639518057511528078e-03
2.729969786685470298e-03
2.978447942987897355e-03
2.670027233905786397e-03
2.905381188856841906e-03
2.605190182466849205e-03
2.642177391307869248e-03
2.535688154799975707e-03
2.588024717586469813e-03
2.651253364673744010e-03
2.591493290908752217e-03
2.666448689000436214e-03
2.765879277378254213e-03
2.613053195252700023e-03
2.714117639638060665e-03
2.572537533457429880e-03
2.465615798565100325e-03
2.510013343972674737e-03
2.765094392648861834e-03
2.830061826551644871e-03
2.506473346772577181e-03
2.629254230289613907e-03
2.640070496148552801e-03
2.368412288936370350e-03
2.792194372607227203e-03
2.960075387347942295e-03
2.553123511724736394e-03
2.286792476500015391e-03
2.941660433794163372e-03
2.758031733870547429e-03
2.813332750743826466e-03
2.850827167501879776e-03
3.020008576107953251e-03
2.845411919915474906e-03
2.173634239973361738e-03
2.395803334619106030e-03
2.734351305488128166e-03
2.608947944598398114e-03
2.327908405916887403e-03
2.870625079949241151e-03
2.839171617702816557e-03
2.811153368544701964e-03
2.718704780775192068e-03
2.867423589398065964e-03
2.409614518688412126e-03
2.757498967068146636e-03
2.757594793166571415e-03
2.404076215186988670e-03
2.508704150624317328e-03
2.820128827175054451e-03
2.612970638176025096e-03
2.486198236208037732e-03
2.921870264065486080e-03
2.621279854818441522e-03
2.491070802606857888e-03
2.468138264675170598e-03
2.693947118159725415e-03
2.275180738940590919e-03
3.133144123129039116e-03
2.578680987401824661e-03
2.393481715500929592e-03
2.573992373009731383e-03
2.354443766449369150e-03
2.607320555842707142e-03
3.030341687967838711e-03
3.016271799813183621e-03
2.409667628426877695e-03
2.602906409635355467e-03
2.499149805837133989e-03
2.378709852530432652e-03
2.323476289302598904e-03
2.641873078425597925e-03
2.353026751544186074e-03
2.494151696367140174e-03
2.998529149388105396e-03
2.467478122562240684e-03
2.674481328775327529e-03
2.702310131109686344e-03
2.796414142083014729e-03
2.519427048810432123e-03
2.724332403365445094e-03
2.643496319633692297e-03
2.738755397404540968e-03
2.196933849245988508e-03
2.778231911883842237e-03
2.606273965399823547e-03
2.374991294531639003e-03
2.806391085233662236e-03
2.803290483070946040e-03
2.539760759922848454e-03
2.656520265943862740e-03
2.749874057587231233e-03
2.335631998750788575e-03
2.637015719255813694e-03
2.966157975243739579e-03
2.697787108991107040e-03
2.605290678080235314e-03
2.454677844754393767e-03
2.331318425262397537e-03
2.659817234646264308e-03
2.472552484281093782e-03
2.611297277535673100e-03
2.704345071633695863e-03
2.605757835641406978e-03
2.892033493112571192e-03
2.352181162695358117e-03
2.290059782095497844e-03
2.870206152663910305e-03
3.017388766328503013e-03
2.434827415378062326e-03
2.865608758190997789e-03
2.701982966006150413e-03
2.803736292906735140e-03
3.010328216788708995e-03
2.694099431681784649e-03
2.460093189269944337e-03
2.520293709519455180e-03
3.016859466133569451e-03
2.827550916334332053e-03
2.655271880579862347e-03
2.571331275287870675e-03
2.644868095878977806e-03
2.655697800629427605e-03
2.558332398388781133e-03
2.513357880149167441e-03
2.898385656947919092e-03
2.480260138229793687e-03
2.495690470584293382e-03
2.505542563069227888e-03
2.517481386581963288e-03
2.536866331143915274e-03
2.589624482879277802e-03
2.233091351874614931e-03
2.578834630124789921e-03
2.815106645399004150e-03
2.433073010876843703e-03
2.336596579353522433e-03
2.799323326840767821e-03
2.876404800240455438e-03
2.542245347894475649e-03
2.600356398690146283e-03
2.557453309164647772e-03
2.197833742923110782e-03
2.489961962422968314e-03
2.532010776061782882e-03
2.810167432032196176e-03
2.773121215248843842e-03
2.378654906630353269e-03
2.667258276397555059e-03
2.805766481972921111e-03
2.645441162981309983e-03
2.338719188110321544e-03
2.682309122306690725e-03
2.738165477524443468e-03
2.583005456316465713e-03
3.054972633003391874e-03
3.047479454350112728e-03
2.447271068409366708e-03
2.635075006795959372e-03
2.722818653300740875e-03
2.795066488374199284e-03
2.523174815706870529e-03
2.686139242419638331e-03
2.665794777151934362e-03
2.528495579352087099e-03
2.800496306591501727e-03
2.602188562823952011e-03
2.801762238136256550e-03
2.501491146582553171e-03
2.496554088510380236e-03
2.690103425012913864e-03
2.453581375288449006e-03
2.722380260728957894e-03
2.402707888732169474e-03
2.518867133819963511e-03
2.277922480727045344e-03
2.572439611904721486e-03
2.651585827033831749e-03
2.321898922814267033e-03
2.636596056044755373e-03
2.497400249579662806e-03
2.656477652406857674e-03
2.626583476887659179e-03
2.785943928502710408e-03
2.821586770348780051e-03
2.601894254206550336e-03
2.619787590385516673e-03
2.524404247464678581e-03
2.511666858921225449e-03
2.881310335381542624e-03
2.763766462570336601e-03
2.489224960045502248e-03
2.669395954947359224e-03
2.714243193631645738e-03
2.810061695005509289e-03
2.667320918020407456e-03
2.463046335943044635e-03
2.493136050051285128e-03
2.706451060840354365e-03
2.562262112784366962e-03
2.580956912008177014e-03
2.693058702746895742e-03
2.584763468410080159e-03
2.675183170300859167e-03
2.688623348379559370e-03
2.809980971157899007e-03
2.489984789572987061e-03
2.605093052145626090e-03
2.588133951849591607e-03
2.592398882370784610e-03
2.466589340906666546e-03
2.600820652614662613e-03
2.832163645479523085e-03
2.537357452001023916e-03
2.531045367130038606e-03
2.253010755149846035e-03
2.232139084850440647e-03
2.721529348562755791e-03
2.488525232281442890e-03
2.657352875356332970e-03
2.741731738172189028e-03
3.019404863457500650e-03
2.813618449487157499e-03
2.731906344851136020e-03
2.507792168747891536e-03
2.642034187655418684e-03
2.682006658200240638e-03
2.544097786876692649e-03
2.629144835356470554e-03
2.596612089438082253e-03
2.454185802745875201e-03
2.395786393408010605e-03
2.338443872851317211e-03
2.607921041200531725e-03
2.356173582858507587e-03
2.603175246066047853e-03
2.982618474128219573e-03
2.646710530794240627e-03
2.455025048792309605e-03
2.604092718067739076e-03
2.496256619193115700e-03
2.975655532404222932e-03
2.743055597837450437e-03
2.630981501818977983e-03
3.210079313883813703e-03
2.247672291466493340e-03
2.523955522297752826e-03
2.959284123788384017e-03
2.381703969078000777e-03
2.401222898941806141e-03
2.805392443048587703e-03
2.792947593029792425e-03
2.779227143384236775e-03
2.198176126685479417e-03
2.700821634331260213e-03
2.626281216808868009e-03
2.524276901951080006e-03
2.510638855054630764e-03
2.760381160334566489e-03
2.362297082455458008e-03
2.539635870780021162e-03
2.487978243616109555e-03
2.384061789979182583e-03
2.840584200229415678e-03
2.808182802817639403e-03
2.685520805451033395e-03
2.602586329646947808e-03
2.571305452144481869e-03
2.594540512537601984e-03
2.639451961840418633e-03
2.509398492215348265e-03
3.026605052065054011e-03
2.607302477629999497e-03
2.784139069160570211e-03
2.761988518382333096e-03
2.608418826835043509e-03
2.420727632264228508e-03
2.695295259194862084e-03
2.620039326632349862e-03
2.389878654538944106e-03
2.502138891615024105e-03
2.906204136543888081e-03
2.365084490427940382e-03
2.732158406162635798e-03
2.936530413929517528e-03
2.368317298751778949e-03
2.886314486561040657e-03
2.647467361947548458e-03
2.493589932199198524e-03
2.724275334914112896e-03
2.479979118949591273e-03
2.279760945415412222e-03
2.833972463255120169e-03
2.737040550140923314e-03
2.638381353971691774e-03
2.434940751665713634e-03
2.590188340683396637e-03
2.160035133749330441e-03
2.543697526835704548e-03
2.576099587306746735e-03
3.041792729376878966e-03
2.243657260736979346e-03
2.729608532372909332e-03
2.346694171626265580e-03
2.528785120416472340e-03
2.585456924743073648e-03
2.460731914268718314e-03
2.576055523075845930e-03
2.787088958635418941e-03
2.360577667638319183e-03
2.855980484338980097e-03
2.782920895595275817e-03
2.580302623095605957e-03
2.950095864274822517e-03
2.719906233461800039e-03
2.771156987765975663e-03
2.566674581913467191e-03
2.650277878748981929e-03
2.803441935392548406e-03
2.678171958932426544e-03
2.759948972147280560e-03
2.782624246981452686e-03
2.410023368375336598e-03
2.825390420303265388e-03
2.898213489444888876e-03
2.520538475709953753e-03
2.496080224938731617e-03
2.324643875342050948e-03
2.652377395889783229e-03
2.856166996965590638e-03
2.452754433415081734e-03
2.680582698764009258e-03
2.477115938214493728e-03
2.490915825292697693e-03
2.514311732855351467e-03
2.897300694088940191e-03
2.616677009197985668e-03
2.813282991232658736e-03
2.499095645830032904e-03
2.625810358836917335e-03
2.605883177603394475e-03
2.844307074662999219e-03
2.416603760316921208e-03
2.483489336761557191e-03
2.423017435350016419e-03
2.661671682075591756e-03
2.763974977702676403e-03
2.375383343217411097e-03
3.009081124180046276e-03
2.894181628616403299e-03
2.500889558718634356e-03
2.596286283467270656e-03
2.651242084942042818e-03
2.945391732892210356e-03
2.505802520099781501e-03
2.533820367522235731e-03
2.770746669918697051e-03
2.533578276232390999e-03
2.694032407676094556e-03
2.428091799018919448e-03
2.296799993471856406e-03
2.952522554802508581e-03
3.041629436751033897e-03
2.438851564426722934e-03
2.606708554987172653e-03
3.061715099825480357e-03
2.598983605490678452e-03
2.769662212285195491e-03
2.401378501756454113e-03
2.939697634924023310e-03
2.730323969998939455e-03
2.640260946840779568e-03
2.436237773090664353e-03
2.413850284770891700e-03
2.531824317314774076e-03
2.801615950899570377e-03
2.495848869346246630e-03
2.260330432948782792e-03
2.468010083935625026e-03
2.746172049939786097e-03
2.802668334050473394e-03
2.630377062760207336e-03
2.902063309030785635e-03
2.980894269195690470e-03
2.612395691324086514e-03
2.730114436125355513e-03
2.658310621926934531e-03
3.107660251210906614e-03
2.603586950824987502e-03
2.253407587339890071e-03
2.755390211636442235e-03
2.538748957191214271e-03
2.672647661036259368e-03
2.796006841638352513e-03
2.626299989897288179e-03
2.730746678874631898e-03
2.988978922175344107e-03
2.714890421563146122e-03
2.640299467996241184e-03
2.777813364159809582e-03
2.977531896717315694e-03
2.701010487478186506e-03
2.969538180943568154e-03
2.623798808236827394e-03
2.714774988464906808e-03
2.853818000391632193e-03
2.496199184533965092e-03
2.697649562164413425e-03
2.565133591886085106e-03
2.582124921703349806e-03
2.741932361590007378e-03
2.680033102233177287e-03
2.373778061905236145e-03
2.756924518171758980e-03
2.886462025387660519e-03
2.860902204816710270e-03
2.901674011521065272e-03
2.653088015808665635e-03
2.976963971490557710e-03
2.397372007241495642e-03
2.540086252756315870e-03
2.844554260720490776e-03
2.522911051798293596e-03
2.625742292736951353e-03
2.577005326051289534e-03
2.706240507125349474e-03
2.875072404337006803e-03
2.497827550643263398e-03
2.876288744430009672e-03
2.483832525225312081e-03
2.487422755333135865e-03
2.538416040574167660e-03
2.634214501557347477e-03
2.600058135289083899e-03
2.532992016754020883e-03
2.504000771745771604e-03
2.598670107120211979e-03
3.081245560081045162e-03
2.671016229703893075e-03
2.744016000547474989e-03
2.768136033152381482e-03
2.347025136068252131e-03
2.738286521057324389e-03
2.332730147527117999e-03
2.698801526629697554e-03
2.792735786160024415e-03
2.868505994576790643e-03
2.728463869722828894e-03
2.564028136617104228e-03
2.955652439201110395e-03
2.795168349703911880e-03
2.263625801084760171e-03
2.550192436499603560e-03
3.073775865360573508e-03
2.382493851681733235e-03
2.690584018795907310e-03
2.671054371006276011e-03
2.572194899477403453e-03
2.512052831822072022e-03
2.997012571691859938e-03
2.608108983353773450e-03
2.721499703955120811e-03
2.577810714262312747e-03
2.533190104210254409e-03
2.498230556286134066e-03
2.752689195722829441e-03
2.403621545602912125e-03
2.530715176171168153e-03
2.714052833567281824e-03
2.691651176961483427e-03
2.665301084876902944e-03
2.661611621228297028e-03
2.661779620309460449e-03
2.551232151801506327e-03
2.445131285726099158e-03
2.737993337065991635e-03
2.483957099536871112e-03
2.663858217891912697e-03
2.356229693404346577e-03
2.767899996528299430e-03
2.302623020342159550e-03
2.478411084284727877e-03
2.120092613053527718e-03
2.672176331275362242e-03
2.401411340430187509e-03
2.853463273450686233e-03
2.534898206884108642e-03
2.438086583791685032e-03
2.591975632755133714e-03
2.807916531543365891e-03
2.479401102892989702e-03
2.452204768541357219e-03
2.416943824881464305e-03
2.455743221249165938e-03
2.861554787196537650e-03
2.970678686638840438e-03
2.577064386324824131e-03
2.559106674593812896e-03
2.626420293848825017e-03
2.645237965426792265e-03
2.892659586646439875e-03
2.443473144996104792e-03
2.853922342435731303e-03
2.269027813621039315e-03
2.777636600003848683e-03
2.914648045286250596e-03
2.506021795022181538e-03
2.548352642166628722e-03
2.728045245265769188e-03
2.895904163706241631e-03
2.454238710668678498e-03
2.405964353269970154e-03
2.468863134084672579e-03
2.677122773443996011e-03
2.557656125836489831e-03
2.234127743664621451e-03
2.747845186586291184e-03
2.692509526270564502e-03
2.360854149768321780e-03
2.696321072310334591e-03
2.798928112872380285e-03
2.750816266724273856e-03
2.775752772463569926e-03
2.378306887926738816e-03
2.428551900162719251e-03
2.604823334769489941e-03
2.260593894516738870e-03
2.410215751002847424e-03
2.601434356479200016e-03
2.339698622195994678e-03
2.760583135335560080e-03
2.430473820452764590e-03
2.660510734985562474e-03
2.822050636137597018e-03
2.255638561567822539e-03
2.659369457727716376e-03
2.380749107497246060e-03
2.694223539494724432e-03
2.462533342098476973e-03
2.287818265313117886e-03
2.808471584551810486e-03
2.663057401006447590e-03
2.608169812876001345e-03
2.475960354804971134e-03
2.337936518983200259e-03
2.615830891565348003e-03
2.425135789284764854e-03
2.854067451912873938e-03
2.704205048411833026e-03
2.358715933586717425e-03
2.371118423307288711e-03
2.646732713240141591e-03
2.727198289949699789e-03
2.883158438121139009e-03
2.238007602577454704e-03
2.300608406171174812e-03
2.341440869623293702e-03
2.685031514672546384e-03
2.634238941789441256e-03
2.615152840450689874e-03
2.416007755359918241e-03
2.825795057683457706e-03
2.766518749831338442e-03
2.755788682130751524e-03
2.426122287487452855e-03
2.387572770959371562e-03
2.654564543282650086e-03
2.670540861103431942e-03
2.590343090587035862e-03
2.520167240436790943e-03
2.654510269748298901e-03
2.716980798340500394e-03
2.175783027640011951e-03
2.723327576720749061e-03
2.310467919593196372e-03
2.735678641389213510e-03
2.621043248861143482e-03
2.367610810692775524e-03
2.459736082985216482e-03
2.638787800061445990e-03
2.762865010791320294e-03
2.968528523727212865e-03
2.532662344718108853e-03
2.875192838371455964e-03
2.809741818693540193e-03
2.410079024051240901e-03
2.657732768704447641e-03
2.765530563769821610e-03
2.837381824513927550e-03
2.672359465669623974e-03
2.684793840058536610e-03
2.749795476616708530e-03
2.914122357724062504e-03
2.636699414768674428e-03
2.813196114998132991e-03
2.627819811330334068e-03
2.490635062132694547e-03
2.767130588363060119e-03
2.552101691489233690e-03
2.642513114338462289e-03
2.698367818224449259e-03
2.321326641413427004e-03
2.690622658776377785e-03
2.817422087555066911e-03
2.624978652909527258e-03
2.862332438542942396e-03
2.444839025447435258e-03
2.393719806174195424e-03
2.486377371784962743e-03
2.666025191315093360e-03
2.651499539650488662e-03
2.677160339453139686e-03
2.476168207123919090e-03
2.803008335171438409e-03
2.563611860905498727e-03
2.205649506133828923e-03
2.633033745844338448e-03
2.453358786817162306e-03
2.752473450298476964e-03
2.832715571876150140e-03
2.472885264010424387e-03
2.408762705424304530e-03
2.547241049662854126e-03
2.572378984477566039e-03
2.403884292451209746e-03
3.118875919944361259e-03
2.377570804680778898e-03
2.412272969548511382e-03
2.819721155551400613e-03
2.432216775317593612e-03
2.642325765052924279e-03
2.766398716971730891e-03
2.420312318567774575e-03
2.467336986705664318e-03
2.596768634220199094e-03
2.333517737308184355e-03
2.693873412315146709e-03
2.586641780277325591e-03
2.487512982900957122e-03
2.312127311260133745e-03
2.709136666687502956e-03
2.483869682503896809e-03
2.561943732750921257e-03
2.663182972259433602e-03
2.362725175955500152e-03
2.433183194631559788e-03
2.588774527266145525e-03
2.349910252105105214e-03
2.255432534612448851e-03
2.444602049869486725e-03
2.689093792887436735e-03
2.661336923470063696e-03
2.319384275631010059e-03
2.924045168262059350e-03
2.398434956301915763e-03
2.800208033024936295e-03
2.590345800469898239e-03
2.632121785791014142e-03
2.740616797991706106e-03
2.499806668565291486e-03
2.560502079797443049e-03
2.734420665491180819e-03
2.715661639902911331e-03
2.447168539330015109e-03
2.740563856312658482e-03
2.696669826148511209e-03
2.584831310535469408e-03
2.371939004378270308e-03
2.810672327206944435e-03
2.624469765766735112e-03
2.270638700869979845e-03
2.283181808944505144e-03
2.976537250651349522e-03
2.940509948433359631e-03
2.446760401690888966e-03
2.560379830906407694e-03
2.804484154660714674e-03
2.493654577155068625e-03
2.456273120947796186e-03
2.623620031070055935e-03
2.471815139148802326e-03
2.613817267973386586e-03
2.386314859954358648e-03
2.759535728042310492e-03
2.762389737731686147e-03
2.967848238852459873e-03
2.570114673817700066e-03
2.802899678975588182e-03
2.470555481637924135e-03
2.715207141865057325e-03
2.483601343254556934e-03
2.855861043054805284e-03
2.715672235644255549e-03
2.817180745356159029e-03
2.783562245772242243e-03
2.421321598865587045e-03
2.551835648357271644e-03
2.411958684562648825e-03
2.949331369656370966e-03
2.618087964481697911e-03
2.691055190748248716e-03
2.432790105106264183e-03
2.621502113702108873e-03
2.815924049034616242e-03
2.789966821229959964e-03
2.684060770251620563e-03
2.567997893065909233e-03
2.508677709268390503e-03
2.720094949220400789e-03
2.669148149321026123e-03
2.696288468097183220e-03
2.716403888014851369e-03
2.683836591412382816e-03
2.557026866519044889e-03
2.377472744278662838e-03
2.852106724572519257e-03
2.541879285555165811e-03
2.680068222793839227e-03
2.586190160542934779e-03
2.486761347857706708e-03
2.375342823326135472e-03
2.847236156931505068e-03
2.763745704353915648e-03
2.585236610385612151e-03
2.548897713372302257e-03
3.089426652254963299e-03
2.193500478291686775e-03
2.372941960779127203e-03
2.269159706465846086e-03
2.306808925190693624e-03
2.881235242528255077e-03
2.678243878472648647e-03
2.893845868121559372e-03
2.558780716484145533e-03
2.476231924583440370e-03
2.448806946877382044e-03
2.444094638124208810e-03
2.651006517136571001e-03
2.629654716658687622e-03
2.377982770309544289e-03
2.540107188770762692e-03
2.660671609281170524e-03
2.409784929976072597e-03
2.707529944321233808e-03
2.521589176329318630e-03
2.624790141406064484e-03
2.833816072948038955e-03
2.701209035565424726e-03
2.512812702446140870e-03
2.653649436860877446e-03
2.405724470529511765e-03
2.616920667527028021e-03
2.172154442264892602e-03
2.524510856363757459e-03
2.512724212472164462e-03
2.448532642581104438e-03
2.334836431546468121e-03
2.894115103113443187e-03
2.794955521949155346e-03
2.633164075458909424e-03
2.744933158428066421e-03
2.475998887276545726e-03
2.489445133097074880e-03
2.329344655053747475e-03
2.230849247999007641e-03
2.524157670137241669e-03
2.572439038316321619e-03
2.666400048748333255e-03
2.756965297770788605e-03
2.338990428180128932e-03
2.551696355345472230e-03
2.646652357304659156e-03
2.974057549022822867e-03
2.591722893885533164e-03
2.529441322351748921e-03
2.601118628345457616e-03
2.657154412850111849e-03
2.369535633065256771e-03
2.895976476858916262e-03
2.728024846778343959e-03
2.946155782881713231e-03
2.462317128487401599e-03
2.636637279120167352e-03
2.455807492173732280e-03
3.090612995048979805e-03
2.613131076620821107e-03
2.604364693340266348e-03
2.658145515651457944e-03
2.792569447654848908e-03
2.800727593591388967e-03
2.589629752972888877e-03
2.632558016234252778e-03
2.205883758188226240e-03
3.074640000585546814e-03
2.407612791987081766e-03
2.767369924811941863e-03
2.300869009209760216e-03
2.796917879882489678e-03
2.552569985085723255e-03
2.671440187542915411e-03
2.584998211307512530e-03
2.665221385182851930e-03
2.663596604634093940e-03
2.693667931106111333e-03
2.699635283649725812e-03
2.605687846848975253e-03
2.789853825066019970e-03
2.458153362915892464e-03
2.646761614383793485e-03
2.796063787635252266e-03
2.538083166479861586e-03
2.512011083717424677e-03
2.451761607572506413e-03
2.264154660772044712e-03
2.695434663261176474e-03
2.536574515447632266e-03
2.858700595023652355e-03
3.021811453477099736e-03
2.706567387608845195e-03
2.507108639068565507e-03
2.441753465856913875e-03
2.534616625675061193e-03
2.625256632341058279e-03
2.880868888605931863e-03
2.387571244075746384e-03
2.526501641600186181e-03
2.240746633326135082e-03
2.721229330357245388e-03
2.562431025874516502e-03
2.287982987902173297e-03
2.620119516720413166e-03
2.485138886733794916e-03
2.781380852202051512e-03
2.811668150748455625e-03
2.491355304845845400e-03
2.785115366824362452e-03
2.712644074855241963e-03
2.495812981014921671e-03
2.764871474246513930e-03
2.071164178052035260e-03
2.661254156760062446e-03
2.670590726103593947e-03
2.590994885070557752e-03
2.942706844250307478e-03
2.699531702154379584e-03
2.516967030245326371e-03
2.680832606562113217e-03
2.810865927626363375e-03
2.576115540649485166e-03
3.038248941383625036e-03
2.841231117236959775e-03
2.774687889907826756e-03
2.524234188425969038e-03
2.693977556909368624e-03
3.007990466737385168e-03
2.449602603580283786e-03
2.559521361596464942e-03
2.529478331193662707e-03
2.604435183586697924e-03
2.549693540981111482e-03
2.465275866784434871e-03
2.636944719814872645e-03
2.577029878947962368e-03
2.918556308724546463e-03
2.635203164229041415e-03
2.681287122557894035e-03
2.858909452119155672e-03
2.962789564777318189e-03
2.663082111404522102e-03
2.386221080733589520e-03
2.682791602942445446e-03
2.349178749281208203e-03
2.507001208435720527e-03
2.830159252285126444e-03
2.854231418970918765e-03
2.466919962954733456e-03
2.692108449193394201e-03
2.800368575346296341e-03
2.495520125819545524e-03
2.737483478850042708e-03
2.699208906386110513e-03
2.457370231526273801e-03
2.559176249422564879e-03
2.677804502208139866e-03
2.706465098531215651e-03
2.820090518231643285e-03
2.972082454136218670e-03
2.733259617545710351e-03
2.396450932068659723e-03
2.817906905971596584e-03
2.649120568933664970e-03
2.350148217684094529e-03
2.719733734316321077e-03
2.652915770623777512e-03
