-9.551119756906895075e-04
-1.168955458006327650e-02
3.550954421004347532e-03
-1.064219595351685761e-02
4.286221098473563286e-03
-4.643277854494290771e-03
5.574642383157825225e-03
-1.293204478590636620e-02
2.128374361538282970e-03
-4.222587683894756666e-03
-9.050736355655170443e-03
1.110761017414831553e-03
1.312124356001647361e-02
8.168447218783368713e-03
5.836073601020039725e-04
-4.547422338680343935e-03
2.058178249287457087e-02
-9.213938086552844395e-03
1.111544531785805742e-02
-1.694571587183948264e-02
2.915912367225961983e-03
1.183074522524982589e-02
1.095074141832723738e-02
-4.637835405351467544e-03
-2.844061267743781297e-03
-4.326106362763706796e-03
1.164388499343415283e-02
4.656294080643576076e-03
-2.195595329821184438e-02
4.007940355447318047e-03
9.355655840185233066e-03
-2.778639521235530280e-03
1.206909650084311489e-02
-6.622877869316355984e-03
6.690776564136138686e-03
-3.916272554890719466e-03
-1.529106104916547193e-02
-1.306123064810501416e-02
7.404077343590469672e-03
2.196761647216724424e-03
1.959012408001784347e-02
6.292192039680119704e-03
-1.183362233477820713e-02
9.960842630104129597e-03
1.142417340907274197e-02
5.687139027518280966e-03
1.611124312962360083e-02
2.653967607144458105e-03
-5.749943938279886493e-03
-1.358973762029715669e-02
1.196245870567901048e-02
-1.906878064590056482e-03
-1.558864590739983055e-02
4.821897992927015250e-03
-6.434452503854652672e-05
-3.902077473300956476e-03
-1.028969574789105959e-02
-2.373174611835855013e-03
1.558997605628365121e-04
-5.080600115403404067e-03
-1.562871058001918392e-04
1.216199742464474723e-02
1.147007263286193429e-03
-1.780674075330037145e-02
-1.243015304238743839e-02
-3.618558861620896610e-03
9.322503973285027005e-04
-1.034322774884558795e-02
-5.532208015220192558e-03
6.751716474773353932e-03
6.873494746662734203e-03
3.352103522439990515e-03
1.592814110251346803e-03
-5.704260135025674729e-03
1.740211228144590561e-02
-2.928772260284144124e-03
-7.703886299467043244e-03
6.985210087895250483e-03
5.291372245845375223e-03
4.965564325541433656e-03
5.996805899091800160e-03
-5.782027867432803017e-03
7.043327633993031085e-03
-2.010179885788121110e-02
-1.172774274376648176e-02
1.145833062366365292e-03
-1.370109535224707173e-02
-5.507891115797502665e-03
-1.422739890260454020e-02
-4.992051194232621260e-03
7.526127529154633816e-03
-2.647305287125094938e-03
-1.630183238347284510e-03
-2.005997591806407340e-02
1.123778250688509464e-02
1.851299663628037592e-02
-1.481834701417287722e-02
1.353195299897720768e-03
-1.634093444224582470e-02
1.102114005499145802e-02
-7.782364228562544707e-03
-1.077634377039258162e-03
4.097841589183233305e-04
-1.993933419638688198e-02
5.809290629168953855e-03
-4.175678901386974985e-03
-7.826528581754227387e-03
-9.452258667312397888e-04
2.075403984943386369e-03
-5.470835660865583025e-03
-1.058854939224157521e-02
1.831359879116415366e-03
-4.413452957216839646e-03
-9.870431642264282379e-03
3.970647482399756317e-03
1.871291613626772932e-02
-9.731253429496553378e-03
-9.705399158473227567e-03
-2.133646785789532728e-03
7.712257395037970358e-03
-1.243572114900286241e-02
6.810046544196070306e-03
1.086271909849450407e-02
-4.248662653963738468e-03
5.789717948188942073e-03
1.592642392050828666e-03
-1.183915598636983181e-02
-8.091818727742752099e-03
-5.262697237511233979e-03
-9.080932504637734271e-03
-1.136792898427923561e-02
3.623554172775174560e-03
-1.437266765631558391e-02
3.422904787198964485e-03
1.715241087340452220e-02
1.250302178479477909e-02
6.164292103491295430e-03
7.496517182836543933e-03
4.630289232047293813e-03
3.616163443832128965e-03
-2.704490019392599004e-03
1.953275333766209092e-03
-3.228058302101049267e-03
-1.142228225379909737e-03
2.708989682423658396e-02
-1.035702530382566836e-02
5.948210736566485538e-03
1.066884407170771466e-02
1.708281669759308813e-02
-1.333491456588958846e-02
1.183407741896743207e-02
-1.007822607558707785e-03
2.732068007751959054e-03
1.407668247511090990e-03
8.839820427097740824e-03
-3.010461685819536964e-02
3.349681069840633029e-03
-1.694015473069151317e-02
-2.101410464276454691e-03
-3.935786246887985895e-03
3.892976543830679523e-03
4.670222514827386366e-03
1.020487551463036477e-02
9.316610776432386609e-03
-4.330475709984761383e-03
2.178913578991566527e-02
1.615570693940673354e-03
-9.196889091772847760e-03
1.352239264889576811e-02
-1.492460206459795234e-02
-1.589327884175706709e-02
7.277857498108050022e-03
-1.629343045261761810e-02
-1.855441082762944709e-03
1.046867441993316883e-02
-1.791272376926118142e-03
1.576084975309552383e-02
3.355420717747999507e-03
2.510478589903830226e-03
-1.305575818488572196e-02
-2.092005364790778827e-03
-3.335363033999987070e-02
-1.083666774894533405e-02
-1.534345744334269894e-02
-6.471438081662355193e-03
-1.530341020193992261e-03
-4.743523297296376243e-03
9.749874649833057327e-04
8.025457309029100650e-03
2.744400741304663105e-02
1.229437930137313763e-02
1.631310794665077413e-03
9.608997355211955750e-04
1.079799822002056042e-02
-1.056166444257698863e-03
-1.170304527453818084e-02
5.976202515620024011e-03
-2.458644991003197319e-03
4.969527793168535684e-03
-1.053000412663770632e-02
-8.097001170317119287e-03
1.179003641318710893e-03
5.609582997960623971e-03
7.635963428041169301e-03
-1.897516440776603501e-03
7.421731743794437487e-03
-4.378412183603561970e-03
-1.060843839515813753e-03
-3.247747297496040002e-03
-3.494604690771816596e-03
5.051910397460419345e-03
-2.409936782334416109e-03
1.871763637381784534e-03
1.506371986138190303e-02
3.512453270312673737e-03
9.222180741547329579e-04
-3.399332737327979189e-03
1.836829916306840843e-03
3.480016090542707935e-04
-3.958474925833812088e-04
1.089713002792434826e-02
5.387486903717190198e-04
1.575944794774032090e-03
-4.861247495757961556e-03
-1.451097411605924191e-03
-8.076744251197420787e-03
-1.223677027410483183e-02
7.300795419144257177e-03
-1.291367397801233829e-02
-7.419889848913197375e-03
-1.056391096213813450e-03
9.102056075366639007e-03
1.100356476058275516e-02
-3.753151504925520375e-03
-7.130284450846877814e-03
1.450179225229763537e-02
-1.726371053279306469e-02
-4.311961168618324604e-03
-1.163907740134272279e-03
-3.031281889161160318e-03
-1.825284485771446960e-02
-2.061632158711628783e-03
6.197502380519509481e-04
-5.273061282387389408e-03
-2.858301205059413617e-03
1.878479692609939192e-03
2.467199756611623482e-02
-8.139008683489308213e-03
7.637000310952432765e-03
-1.396119770294098651e-02
2.704418339419930629e-03
-6.077766909521211888e-03
2.190246355133694013e-03
-8.651674923815997481e-03
1.794199370939969854e-02
-6.245933682308049857e-03
1.223367933836898378e-03
1.262521607931302477e-02
1.077796723293151940e-03
-6.757540342339936161e-03
-6.610583942584780364e-04
-7.307089739013258693e-03
-3.823763262954438594e-03
2.404413561134790406e-02
-2.769408017862674126e-05
-1.154961637067327546e-02
1.019924334037228611e-03
-5.337513433441502635e-04
1.725962672175739704e-03
3.940326823369125556e-04
2.164712432107726223e-02
4.598132550759515685e-03
-2.294867848520925485e-02
-1.196004974161529733e-02
9.528362946590788682e-03
-1.823356248773430263e-02
1.619754377574099402e-02
-4.917044191170856894e-04
-1.463361794973942406e-02
2.408860756962677083e-02
1.196004756885456558e-02
-1.176534396496443880e-03
-5.795153670617874970e-04
-9.251627488724992882e-03
-9.261856573318627550e-03
-5.459616285012247779e-03
1.225242261803699681e-03
8.887496986429373885e-03
-1.110705489018289603e-02
-2.284165717980626148e-02
-7.306957982172573515e-03
-8.066216095818836557e-03
2.318385422515839220e-03
-1.362081383477504494e-02
7.222006021764773576e-03
1.005376278195479860e-02
-1.108535260656579339e-03
-5.691918634874434946e-03
2.705242157052841281e-03
1.321504489140143401e-02
-1.417382475258864918e-02
1.780798444247665147e-02
1.133283747658932888e-02
7.472118788743121846e-03
-1.682917104567246622e-02
5.561368744920164309e-03
4.409547431117613603e-03
-4.644995770523971737e-03
-1.561548186725399958e-03
6.897439021670572455e-03
1.223256182442022250e-02
5.977988186353669527e-03
9.597547794993586696e-04
-6.534523835075880388e-03
2.559428676384757975e-03
1.403476257425999123e-02
-8.324533609313948535e-03
-1.734616203941307874e-02
-1.547649444543844344e-02
1.919670413640872696e-03
1.427296245053046031e-02
1.505743068914615422e-04
-3.707110295835331065e-03
-1.656639075312677997e-02
6.042261026474334386e-04
-6.489851030743775187e-03
-1.014587770708997097e-02
1.458006711919883000e-02
4.333456424160733733e-03
-1.044439120384457048e-02
-5.733576029776334820e-03
5.368332907398965827e-03
-1.158803822507258399e-02
-9.534691321101624109e-04
-4.136856528234434879e-03
-4.872363320323649764e-03
1.454575494427200362e-02
-1.530659957280324423e-03
-3.318559203742479490e-03
3.594171371840004705e-03
8.162342998596079473e-04
-1.005569309430594770e-02
3.159124231503288027e-03
-1.368966359762652067e-02
-1.974813141676175741e-03
2.002344260301526513e-02
1.516627554158769646e-02
-3.645825668128039113e-03
7.116785113753362237e-03
-1.862901876257056638e-02
8.069414239297899652e-04
-1.398047247890569361e-02
-5.352772291396717085e-03
-1.611651413090767204e-02
1.154055699338092482e-02
1.575017816030317361e-02
-4.686608528524144248e-04
-9.058949414267512823e-03
1.550976551886576807e-02
7.471787180140561022e-03
-1.052810866728343467e-02
3.222837609941189884e-04
4.323745949862018399e-03
8.000334491393439398e-03
6.312505456654330174e-03
-1.526264516423030040e-03
7.897172690941018855e-03
-3.507247175114774473e-03
-9.716331238164547038e-03
-1.437872127368149643e-02
-9.461921034649775977e-03
-4.836285886840964443e-03
-1.599629899369627364e-02
-1.168564123125560503e-02
-8.011980009983474260e-03
-1.591568257186912541e-02
-9.532618608722343012e-03
-1.760485207611827037e-03
-8.674442594389237789e-04
5.217311433760296428e-03
-2.687460753860113245e-03
-3.127017455901924016e-03
8.969075183883068458e-03
-5.556630684083956051e-03
-8.214000231508257824e-03
6.085418006757692920e-03
8.676811597097678144e-03
7.210940609449417900e-03
-4.233730195228351499e-03
-1.966105954118704466e-02
-1.167211169231649817e-02
2.059408269510364098e-03
-8.109509166097178751e-04
4.713706710259521135e-03
4.987473082133782494e-03
-7.339159433290099593e-03
6.617537574003101719e-03
-7.404998011702418857e-03
4.375336905481350992e-03
-2.199571096126917182e-03
5.325643315962007122e-03
-1.458721468711150770e-02
1.834390544929493869e-02
2.671803574315194732e-02
-4.522219202188126549e-03
1.086844597730524803e-02
-6.927731657788951253e-03
1.502931098133533649e-02
1.498180945807763486e-03
1.781708471544794087e-02
9.881464830483023890e-04
2.281967979314538167e-02
1.928651370956731021e-03
-2.316051353803084880e-03
-1.113715352762825912e-02
-7.319273446812013875e-03
5.442647863979586768e-03
1.318481957756756535e-03
1.081611626727896694e-02
-8.620198647279161616e-03
3.523223771752987277e-03
-4.379012218946419857e-03
1.034413904417160954e-02
-2.083739351041372003e-03
-2.156848179016478562e-03
3.873447538792422484e-03
-1.514683169419644981e-02
3.024819684645853671e-03
3.654063547292551160e-04
-3.536210724509068759e-03
-1.557861291631681099e-02
-3.878060027698129394e-03
1.799071469673984560e-03
-6.146253428972350656e-03
4.460036885808250549e-04
8.291588737250317129e-03
-2.109826354505399838e-03
1.715135488107893524e-03
-3.263675360149015598e-04
-2.777118943458326081e-03
1.421889411446092440e-02
-3.330803091300738906e-03
-5.212312115956353221e-03
-1.496408940014915152e-03
5.014827171629035983e-03
-1.214130867664737524e-02
1.013774412005665967e-02
-3.526484200847316078e-03
1.944876687786102924e-03
8.635292174075224916e-05
-1.357452970177795357e-02
-3.789700785189982057e-03
-1.078757281573567263e-03
-2.051847921842233930e-03
1.888802117544001848e-03
1.231834529097675102e-02
-3.622939153821662806e-03
8.447262729082367699e-04
-2.004024280063724898e-03
-3.242471586607077391e-03
-4.482859511128490723e-03
3.179623004716344847e-03
-7.087147531748736427e-04
8.673352867864790941e-03
-4.597694961916229221e-03
-6.203794267134061721e-03
5.774061676356108744e-03
-2.985077837259518703e-03
1.078575975798066675e-02
8.801623382186573794e-03
-1.331427818270080644e-02
1.099702802283515288e-02
-8.448755294936102084e-03
-2.159079739422224350e-03
-9.000288274808922531e-03
7.316233957922714352e-03
-1.205966858663160750e-04
1.626893951383329498e-02
-7.077602456410426492e-03
-5.557432287209864135e-04
5.166061957226949185e-03
-1.142277035521326901e-02
4.932475357806438525e-03
-2.293420556290571340e-03
-8.294740800495806893e-03
8.257674963972099413e-04
1.776253209270698546e-02
4.442160486103281444e-03
-5.345104944600871308e-03
-8.014735885784251765e-03
-5.204794283172893554e-03
-1.778054954521127509e-02
-2.040144450230516743e-03
5.398778123540440808e-03
1.522907133932891420e-02
6.876739072418841037e-05
-7.825415047184208425e-03
1.214309221378472373e-02
5.473473068815496237e-03
-1.007593469662586977e-02
1.927932431055479762e-03
3.300970918391577490e-03
-6.845362790000641745e-04
-3.903310589702234639e-03
-3.042250507518030021e-03
-1.026588258054162610e-03
-8.803876180974201313e-03
2.661710326163942934e-03
-1.692685296330518480e-02
-4.122524230383287774e-03
8.022608361874015645e-03
-7.064989204116140474e-03
-1.839941932546173414e-02
-1.355350363534146667e-02
1.056281807283521862e-02
-1.324964226044405072e-03
-8.173290031487055740e-03
-4.455970000077922114e-03
-1.021433124980336907e-02
6.973848769675717631e-03
-2.729421195726410877e-03
1.611656067785380286e-02
4.391556088702236113e-03
-1.759284020118398809e-02
1.661729443038514192e-02
-5.731897192432834978e-03
8.015715551683304588e-03
5.279412388265766580e-03
-1.252202920781276228e-02
-4.977568101228743193e-03
1.416313348097423923e-03
2.870317611206837146e-03
-5.076431847962524155e-04
-4.391418520705334984e-03
1.360376192509253103e-02
-9.616963755283060994e-03
1.336419511447644367e-03
9.551858808138389417e-03
-4.780239380271085817e-03
1.856199011829160264e-02
-1.489960166645805904e-03
2.987788835714641055e-03
-2.681868734899830239e-03
3.615935819983757786e-03
1.238546501538433445e-02
1.523453785859250377e-02
3.094582217364681611e-03
-3.573640918353460441e-03
7.741690920146559931e-04
-4.084947614850894387e-03
-1.684908931150393835e-02
-1.701300472826492577e-04
1.290570351436415644e-02
-9.986508055869623875e-04
5.471368558826554367e-03
-1.904994339389884167e-03
7.165599781711928622e-03
-3.992286501456165926e-03
4.974240165144198228e-03
1.760507641117876540e-02
-6.842693612507532927e-03
-1.535908762519752613e-02
2.993067583627984454e-04
-1.675482834826921841e-04
-9.235016123545540523e-03
1.620117286878896418e-02
-6.340811886511210811e-03
-1.919345857917929658e-03
1.134436991836773254e-02
-5.267102482001876848e-03
1.257333227349406550e-02
-1.941299649097435369e-03
2.043507961662613739e-02
-1.167974621580572699e-02
-1.311747864471587890e-03
2.024179895151256370e-04
2.043426303278313497e-02
1.173911223760016371e-05
2.457586422573754086e-03
6.309787233319812984e-03
-3.711763678737597244e-03
-3.512755209800446005e-04
-1.537420597436638288e-02
-3.852322251701310006e-03
3.951464866225112491e-03
9.733782265826105770e-03
5.135239704463235785e-03
-5.182412736713622355e-03
1.256332304527997545e-02
-1.959282754109373942e-02
-2.195448731177888219e-02
9.881970307244128046e-03
-3.885203769320285695e-03
-5.953786702136322148e-03
9.090990728419720557e-04
-1.247383391716787651e-02
7.574234641776905926e-03
-5.678156961061333122e-03
-4.207734046775838711e-03
1.144148240903766940e-02
-2.006114624141625783e-03
-4.556020605627876877e-03
4.762095398073773640e-03
-3.822985741009984374e-03
9.194467849436927052e-04
-7.199404629931359205e-03
2.105057658071306671e-03
1.858280357742724334e-02
-4.305498066571724312e-03
-3.252674145404736098e-03
-5.454600338813532338e-03
8.497602079563089340e-04
-5.296849395768787709e-03
-4.151595339980402449e-03
1.770572931349864362e-02
-1.940101827150418623e-02
-1.963249648827857657e-02
5.615347408472000715e-03
-7.381625411137855697e-03
6.308055773207241201e-04
-2.110644989876157146e-02
-1.766245249218545768e-02
-3.744305275311662429e-04
8.004249857316569905e-03
5.701902730114730622e-04
-2.030674222870507140e-02
-8.459505023888499661e-03
1.114274860946879754e-02
-1.393524557431169084e-02
-2.724628618282153979e-03
3.799640309120167793e-03
9.172179194224418589e-03
1.183225121451091577e-03
7.042786265324040181e-03
-1.934478312937676359e-02
2.421166902600853203e-04
6.208733193212772304e-03
1.399634506694828924e-02
-4.898788906931688661e-04
1.684133742642140096e-04
-4.865691280219078957e-03
7.567481018030993399e-03
-1.191967201100830979e-02
-2.169777818316156060e-03
4.613663452719231513e-03
-1.179628039630720507e-02
-2.229786759938812059e-03
-1.504242008304607688e-03
-1.431670216766246437e-02
-8.179639300063861612e-03
-6.143146067145779758e-03
1.746464370390996348e-02
3.496054668400783248e-03
1.268948697017000839e-02
1.783348878826736261e-02
-1.402571659067585776e-02
-8.161108418471120854e-03
-2.490756862168051408e-02
3.097858388769057954e-03
2.584419806537638885e-03
-5.880485159147493326e-03
-9.633150123746325733e-03
-2.304643011897474641e-03
-9.078837681459333165e-04
-1.903096753048774768e-03
-1.241503109755371856e-02
-1.557780591955673101e-04
2.687329044811223328e-03
-1.518438243724082488e-02
6.795523050228059921e-03
-1.877936694615756812e-03
1.646400260907980584e-02
7.403657727043328439e-03
4.097338500444291758e-03
-6.012133442130340386e-03
-7.893079855767096836e-03
5.012468560319917159e-03
-2.138916538590010952e-03
-4.384445930925638495e-03
9.425568257583345766e-03
1.894190542528078366e-04
1.613201735115450675e-02
-2.011497913238126031e-02
2.751726995795676731e-03
-2.518515236608695994e-03
2.233145313263988282e-03
-3.175245592070624016e-04
-7.734293202282443123e-03
-3.981268627804205804e-03
7.338163646290157653e-04
-5.641087835035667707e-03
1.449011507180102652e-02
9.791782457455442193e-03
-4.048066655779573343e-03
-1.214233617722876822e-02
1.145653491271901407e-02
-1.997673924725422261e-03
7.563526356545379262e-03
5.035392781499097936e-04
6.799345585790245346e-03
-2.305712365387274643e-02
-1.831171671420692149e-02
5.526518307196394419e-03
-3.770383390312199859e-04
-3.998761900264080280e-03
-1.218496973468795319e-02
-6.435052701276425084e-03
5.875696916963844829e-03
-6.530443284229647989e-03
1.284548789325229683e-03
-1.300047640542203488e-02
-9.534298002144381973e-03
-5.722035661128438769e-03
-5.728581042386501378e-03
-7.931824968021231395e-03
1.247909491171452813e-02
-1.064041237085758609e-02
1.182489307226012969e-02
1.794259277427449201e-02
-4.701799994141633160e-03
-8.636560620523116988e-03
5.679104619262848389e-03
-8.228094113527546771e-03
-3.514072034926364781e-03
1.104507371078360112e-02
2.004020497035467405e-02
-8.149377204709382441e-03
-9.206039380963341665e-03
9.175022940495141527e-03
1.819220670250006056e-02
6.027082799107729219e-03
2.199675987955441742e-03
-4.618550524426896786e-03
4.268722053523317690e-03
-9.483419173821932419e-03
-6.384430051268910958e-03
8.270172734043452654e-04
-1.782575530367663634e-03
6.127464607415780869e-03
-4.522057827826427533e-03
9.400470862197732660e-03
1.488593512369160848e-03
1.549239806401350554e-02
-1.446811597513669896e-02
-7.682275455723860036e-04
-2.903401458862666946e-03
-1.794687838016996093e-02
-1.575413530936254844e-02
1.260279287074235650e-02
-7.759643370153529451e-03
1.319115320670091653e-03
8.082978996295994700e-03
-2.346464984605715898e-03
-4.758787115897956596e-03
-1.299112650626366855e-02
-7.324827976297518424e-03
-8.066633868846881730e-03
-3.097077185208887452e-03
1.083160833305579947e-02
7.325499151054082076e-04
7.002980972731792479e-03
6.818602493944089619e-03
-2.108611917597455736e-03
-1.731452278735874997e-02
-1.735890181442543284e-02
4.687365378879005187e-03
-8.374838333079429389e-03
-1.065720483484383294e-02
-1.076483992595227840e-02
1.423483562068051170e-02
7.679815853698182884e-03
1.936763266669558337e-02
1.179552570352567810e-02
7.109445462892766479e-03
-1.083277673168726602e-03
6.993065960935436823e-04
-5.016191424748233686e-03
-1.759593559609238730e-02
6.267340533224405319e-03
7.287502139018813560e-04
6.290542192905921801e-04
2.978830447488842875e-03
-1.724276206923531542e-03
-6.684068429865606259e-03
3.928276631542411759e-03
-1.534245472320372103e-03
-2.891318247381525347e-03
1.497379538769517786e-02
-1.442173455860542262e-02
1.342403496410249884e-02
-1.557149925989116321e-02
-8.142377831913746996e-04
2.225982938440794479e-02
-1.948758433757999051e-02
4.902817327172214953e-03
9.848172863880925651e-03
1.521414575445540450e-02
2.337398580798641465e-03
-1.368650475666204937e-02
6.699140772439880851e-04
5.312762084325390807e-03
-1.403240808374603757e-02
-6.425550834111129483e-03
-3.279224142336651868e-04
-1.922970381270939014e-02
4.393898930061969203e-04
3.962248353233491747e-03
1.270861955466326063e-02
2.035031334839438460e-02
-4.100892321461425700e-04
-3.425164744312903268e-04
3.864421739045183603e-04
-5.327477554423399285e-03
-9.441677621647326379e-03
1.309238529626720630e-03
-1.056221593132907616e-02
6.722374542369319306e-05
-1.604758397398125744e-02
-2.649115116495188993e-03
5.388830545342889605e-04
2.002757485120515435e-02
2.737807990378659812e-03
-1.484677270930166888e-02
-7.209336954106238676e-03
1.120971042661480371e-03
3.562241727217192885e-04
1.522082696010995488e-02
1.553911687641913904e-02
7.151585597546126528e-03
-8.251677524506870892e-03
-8.921296963589103501e-06
-1.388254907214824495e-02
1.692050117207716947e-02
-2.905195578960306519e-03
-1.110851696911085290e-02
7.470432422042769488e-05
3.234255424295743187e-03
1.511395448286085566e-03
-2.297585033282297656e-02
-1.269648786015231332e-02
-2.993504743619044076e-03
-1.762543565549310604e-02
-2.622567431756186312e-02
-1.301329590979076163e-03
-2.864712665047613061e-03
-6.679768613237791483e-04
4.203212287977287423e-03
1.213066488801287264e-04
9.080521221445985933e-04
1.214632197926426328e-03
5.795052599710689284e-03
-5.197503711808671920e-03
-3.723209854498535192e-03
-1.295959316496572700e-02
-3.257746942673812006e-03
-9.981786011720918811e-03
3.582882159013625958e-03
-9.007116109818299327e-03
1.232832974581565127e-02
-8.672547965875505079e-04
1.143096766644941887e-03
-3.540632499162459784e-03
-1.306731136424989226e-02
1.529569106185756436e-02
2.163112678819040496e-03
5.550266379486033623e-03
2.974337619349355297e-03
1.015020269194236288e-03
-3.189316652256427888e-03
3.790564352199998072e-03
8.839548940424764994e-03
-1.172692628323133111e-02
5.751659171070206723e-03
-2.441742857693197932e-03
6.481148576377801333e-03
-4.593896916877959063e-03
-1.163404607036099339e-02
7.806131533674794468e-03
-3.342028610633744016e-03
-2.111493241616814454e-02
-9.025311876332655150e-03
-1.679778004598601058e-04
7.936971283007710279e-03
1.405179143550653459e-02
1.056417080998371498e-02
1.100078042463865577e-02
-2.422080275616184889e-03
1.569694890958893418e-02
-2.137836697501022381e-03
-6.071720453807365886e-03
1.903293336533309552e-02
4.523958158677834560e-03
1.180698055261333174e-02
9.671097152509055758e-03
-6.488043559332939969e-03
-2.002388726469907232e-02
5.342415591270128876e-03
1.066368055275244454e-02
-6.747167624259217331e-03
3.352825259782558128e-03
-5.265166359926983994e-03
-2.420835271680429109e-03
-1.974992926490937856e-03
-2.951999703410025828e-03
4.088494031313331077e-03
4.607670611842006221e-03
1.172963722213536848e-02
3.613541595618396897e-04
-4.212032830712746090e-03
-9.753004801397145707e-03
-1.089836930993752506e-02
-8.766145807117093139e-03
-3.748896145921316956e-03
1.138924564685473047e-02
5.240051067966699887e-03
1.133897591108281450e-02
2.128227740290411160e-02
7.282952926124882168e-03
1.388336973259897932e-02
9.131999526043848691e-04
1.085064635432736284e-02
-5.441712780872032425e-03
5.261828374294935835e-03
-1.126765070054589271e-02
6.883820870435338087e-03
1.020124894821346564e-02
-4.251991884687024263e-03
-9.822120792905248560e-03
-1.781985969448487972e-02
6.036582930381398197e-03
4.378290612072906207e-03
1.258185750908567737e-03
5.314443212309512277e-03
9.735108520109767016e-03
-3.931781117235105924e-04
-7.595787718516718891e-03
-4.979919433327568458e-03
-1.786688492187000002e-02
3.785065790275053297e-04
1.796546393502413547e-02
-2.984931441989453847e-03
-4.771909411910055070e-03
-1.564110567310947331e-02
8.224758823660457963e-03
-5.523772398740771881e-03
4.394264181920824915e-03
-1.032049784434830100e-02
3.735174543386668520e-03
9.376029871988437320e-03
4.770448417418836524e-03
-1.934911584000198470e-02
3.729634637551707942e-03
8.388805759386689861e-03
-2.431360590799227367e-02
7.057523126310335029e-03
-6.663649277247898038e-03
-1.406546573521899428e-02
1.734410021385026507e-02
-8.076917515851294487e-04
1.036208877296444526e-03
-1.705687609320050147e-02
-3.569841404031040642e-03
-2.072084942360696846e-02
4.541152997983161077e-03
-7.267800033816579136e-04
-5.127046501630123411e-03
-2.319468034493042414e-03
3.571673621207728955e-03
-1.202784646529966688e-02
6.079527357642865344e-03
-2.745449415391951805e-03
3.391454838164548961e-03
6.678157172904527171e-03
-1.333565145831419087e-02
-4.170550009925820013e-03
-9.691665335114294302e-03
9.738395888015810575e-03
-7.808686370475204780e-03
1.421989312024345663e-02
6.764000657637245922e-03
-1.468574854478027318e-02
-1.089411344223146551e-04
1.407732251748964464e-02
-6.075504127287241311e-03
-9.017299824260889898e-03
-9.446964109910312157e-03
1.043536938874569091e-03
-1.338539380559620150e-02
-1.727440259014752580e-02
1.158161027027367757e-02
7.433305920636100635e-03
6.785001051728210830e-03
2.326291709525897880e-02
-4.261747559352296010e-03
-4.261750990304775596e-03
1.623273922177157283e-02
2.240024338915836983e-03
2.829304139250727202e-03
1.565239865841992067e-02
-1.214155798630035289e-02
