3.220918401525159958e+00
3.185986219968745647e+00
3.148627323074084661e+00
3.175731364067151841e+00
3.184815005166962809e+00
3.163577196398390967e+00
3.132445011108146105e+00
3.230019339046094284e+00
3.138994314693831278e+00
3.164085930816511905e+00
3.200284045671337285e+00
3.223579030368122655e+00
3.200794976460394459e+00
3.171790525514691872e+00
3.150780864777128709e+00
3.134458534164000998e+00
3.213815887009893402e+00
3.183690463247576208e+00
3.182348755151862552e+00
3.213203923157766262e+00
3.161565869713472310e+00
3.149169826695351393e+00
3.172507366079027502e+00
3.142504389996409131e+00
3.196186990236033143e+00
3.187847095244527473e+00
3.148619635775807613e+00
3.203151133382312388e+00
3.122460583378084298e+00
3.112431130043828542e+00
3.231309981517538787e+00
3.211526170308798722e+00
3.193193336649853276e+00
3.172332754589591630e+00
3.199390671792996521e+00
3.184820770640670595e+00
3.141123147223841894e+00
3.131529124427708144e+00
3.215122453170626393e+00
3.140392304794787481e+00
3.231351712565328160e+00
3.179203002878344009e+00
3.242770095970428201e+00
3.161466483928604632e+00
3.142295734757460046e+00
3.148367053118132919e+00
3.174590349365742803e+00
3.184036117123676402e+00
3.151627016680339288e+00
3.148530957299254585e+00
3.074729324736737546e+00
3.155590368034896009e+00
3.128309519181456277e+00
3.106887489800602253e+00
3.144870705133907318e+00
3.211442708213219088e+00
3.127446345403489758e+00
3.167000515048984610e+00
3.193642769052694064e+00
3.070840649994015070e+00
3.150844559534281331e+00
3.187070129025810772e+00
3.125591784694149666e+00
3.144072598844928734e+00
3.181169853051802665e+00
3.141241202161668244e+00
3.194530102910960068e+00
3.157842471883706370e+00
3.156564183998778805e+00
3.195727125071244679e+00
3.217934631608193818e+00
3.161614464420438253e+00
3.137944174839911948e+00
3.250991386931373128e+00
3.125299667359621836e+00
3.175275891644236292e+00
3.152945113788487408e+00
3.147100845273354874e+00
3.219800448718582508e+00
3.202852701481342379e+00
3.168359794112188599e+00
3.176032815978159451e+00
3.186024931006497862e+00
3.081161671570064708e+00
3.175985594003028822e+00
3.166283949031015954e+00
3.180055194801629348e+00
3.218521062648186604e+00
3.210769520521242537e+00
3.165735954482408854e+00
3.238327112112656447e+00
3.154556426416631698e+00
3.181932817405800584e+00
3.171602186706904192e+00
3.156846417664093796e+00
3.206243623660625541e+00
3.169133465774500724e+00
3.192317259192635870e+00
3.144139039065751540e+00
3.169041767287910094e+00
3.186799700854278328e+00
3.181998983080256416e+00
3.173112466271978960e+00
3.172745397779249465e+00
3.137002480800972659e+00
3.179626353376316494e+00
3.196222681263747756e+00
3.156203155526124071e+00
3.192293648205070777e+00
3.180383826802973601e+00
3.162964683453529879e+00
3.193757254887748864e+00
3.191224564651825801e+00
3.143201737768684723e+00
3.200365585942347657e+00
3.163185967825361988e+00
3.168768319106340492e+00
3.178202555916858518e+00
3.187981897510742790e+00
3.153201540095300626e+00
3.123481072224363775e+00
3.183632808510497902e+00
3.213481214988474388e+00
3.158846487947963411e+00
3.208653042577748860e+00
3.138601164296233481e+00
3.139363854103863982e+00
3.183663557703606539e+00
3.129504619517171626e+00
3.170123754520405956e+00
3.140994934070435285e+00
3.221201733375942844e+00
3.143658582923435585e+00
3.142125790556264064e+00
3.120313905334216376e+00
3.135932299062259343e+00
3.208880092423289199e+00
3.149091031888011649e+00
3.181646190998613122e+00
3.176632425243769653e+00
3.160046255571918650e+00
3.136322154903453008e+00
3.217564268559059748e+00
3.174531321896830072e+00
3.176002066785051259e+00
3.195571182734767479e+00
3.184073729975960720e+00
3.137552122627782047e+00
3.176460833764370939e+00
3.115816012203036944e+00
3.145115051400571016e+00
3.143017242610035566e+00
3.212765198063240124e+00
3.091236699601248805e+00
3.127948216162435013e+00
3.185155442662089609e+00
3.114431474874065575e+00
3.183324767486681584e+00
3.144089895266052093e+00
3.098216217344082590e+00
3.206772125417173047e+00
3.091791008716298084e+00
3.170091083502728502e+00
3.143302221739020741e+00
3.216051792623048744e+00
3.176791113043917480e+00
3.206702665186312640e+00
3.198067083757507589e+00
3.159335729574024754e+00
3.201832487181430320e+00
3.193092578133150727e+00
3.143387331112802219e+00
3.160702146842771842e+00
3.168640655045667831e+00
3.164272622346097741e+00
3.148453809770116685e+00
3.177077739451104943e+00
3.198224673372187077e+00
3.217548619416138678e+00
3.175751955044679775e+00
3.150216122900132198e+00
3.190493996769138363e+00
3.168749375407014846e+00
3.131861325531823947e+00
3.158497539515458641e+00
3.151122125911356875e+00
3.225638951760006812e+00
3.179767195662606571e+00
3.251823262423497507e+00
3.173162708257146747e+00
3.193791847729995581e+00
3.208406774486515900e+00
3.163526954413223180e+00
3.186821939110008550e+00
3.180457405229339507e+00
3.249578845872964195e+00
3.131864620088228079e+00
3.292230996724112568e+00
3.159930122458661561e+00
3.239330304537812122e+00
3.150532125768592540e+00
3.155674104676842617e+00
3.204800058862740997e+00
3.188680343468487166e+00
3.123233431401295501e+00
3.148693214202173962e+00
3.137291029032729384e+00
3.129325066193128890e+00
3.196224603088317018e+00
3.163027280025214161e+00
3.128942074011111352e+00
3.149494615047557122e+00
3.238082216753258802e+00
3.219853710713787454e+00
3.121668791655547448e+00
3.084642644957736213e+00
3.200642328680321391e+00
3.167265177746808824e+00
3.180104338601329239e+00
3.193029157922365080e+00
3.176877320603167298e+00
3.156802490245367743e+00
3.224851003686608486e+00
3.174175509805148732e+00
3.222779551347308757e+00
3.192986603235473897e+00
3.158510717741076501e+00
3.136117343313642891e+00
3.162221486437958529e+00
3.131886583797591328e+00
3.099020638199502908e+00
3.201547782598812120e+00
3.218613584773878156e+00
3.186170166034660856e+00
3.160755408837977232e+00
3.163892650174117360e+00
3.150055787821782083e+00
3.188152116258306190e+00
3.166718281383669620e+00
3.166731185062920506e+00
3.174827282880496426e+00
3.196354463519925915e+00
3.145570798369853538e+00
3.196414314627940456e+00
3.157337855661091375e+00
3.147826745867802423e+00
3.203451487107851658e+00
3.165763134572745496e+00
3.143937522032345999e+00
3.170049352454938685e+00
3.128656271243025255e+00
3.234821155005584092e+00
3.168392465129866054e+00
3.150774001117953027e+00
3.187663698271346213e+00
3.234286887775328800e+00
3.191476872763133521e+00
3.225700999238957589e+00
3.228046448852560868e+00
3.194131187039654485e+00
3.196316576121274622e+00
3.135288213285188696e+00
3.187432530230300376e+00
3.170418068225870467e+00
3.213667082878959302e+00
3.197860899435862159e+00
3.190934369141866789e+00
3.164490612161525718e+00
3.202227833949964353e+00
3.206267509194558052e+00
3.148632539455058499e+00
3.201433296763757319e+00
3.161345958073475071e+00
3.230246114345267205e+00
3.123694669297918836e+00
3.179639257055566937e+00
3.164683069164818896e+00
3.172521367943746728e+00
3.190871498023815089e+00
3.201075013754772769e+00
3.178958107518946363e+00
3.168710115276528683e+00
3.137098022936701813e+00
3.197152844355271917e+00
3.224552022692904529e+00
3.128896773860550429e+00
3.208775215711080708e+00
3.170898249821819448e+00
3.169166136792178179e+00
3.191997138128670031e+00
3.221703329588520681e+00
3.149747746797965764e+00
3.162069113204252435e+00
3.124229211074541546e+00
3.201012417183088488e+00
3.210765951418471431e+00
3.104145595232996602e+00
3.166631250185318880e+00
3.215741280681929215e+00
3.212168883354034055e+00
3.173207184768606748e+00
3.201378112943982668e+00
3.198336962836305641e+00
3.122906995770887928e+00
3.161696004691448181e+00
3.054699245436764965e+00
3.207136722992599331e+00
3.234818409541913908e+00
3.136125579704653887e+00
3.123166716634105278e+00
3.182836074953354633e+00
3.156075216919084436e+00
3.148795070904344851e+00
3.146906740991858964e+00
3.199970788266547128e+00
3.196798679541793309e+00
3.176018539567073251e+00
3.121354985158023343e+00
3.164786024052458124e+00
3.180870597511731290e+00
3.194069688653438099e+00
3.139616162215171702e+00
3.145704776996967933e+00
3.198711169534578236e+00
3.207582586292668569e+00
3.139068991305665524e+00
3.171099492308858014e+00
3.115382778035851175e+00
3.194867794942416683e+00
3.172919460175951389e+00
3.206600259391407359e+00
3.211866882350292496e+00
3.166148323125699271e+00
3.205544628610147662e+00
3.163882491958537102e+00
3.208608840612655833e+00
3.167172930167484246e+00
3.193941475500031490e+00
3.147126103539122255e+00
3.188037630423251834e+00
3.169548305335094796e+00
3.110567783850743506e+00
3.193501103127302621e+00
3.151275322784163890e+00
3.147783367541810762e+00
3.142940095080897667e+00
3.201222445153872442e+00
3.245090561864631074e+00
3.151971297824604612e+00
3.153076346951931175e+00
3.204582343593679994e+00
3.179570620463807451e+00
3.147586517796644667e+00
3.149215950485013682e+00
3.130101483319111644e+00
3.196565589676178210e+00
3.156691848059451466e+00
3.235471006256362525e+00
3.177820661920308876e+00
3.146100398311869384e+00
3.161921681805153206e+00
3.120300727108598515e+00
3.170331586120253675e+00
3.187644205479286619e+00
3.196019516952139927e+00
3.150546951272412688e+00
3.178580331717902663e+00
3.224912227526457897e+00
3.150486551071664199e+00
3.165128383372154186e+00
3.228611739822291771e+00
3.172620479182246989e+00
3.198511025233007565e+00
3.179967614510544216e+00
3.106599216115212947e+00
3.178412034794908525e+00
3.208443289153331879e+00
3.169540618036817747e+00
3.137497487900741788e+00
3.143100979251981730e+00
3.195934133031991031e+00
3.214455030952357628e+00
3.110633125886098416e+00
3.182310593206844285e+00
3.136361964126673563e+00
3.133589869458693222e+00
3.216264566057503327e+00
3.124785442014160086e+00
3.129433237461741957e+00
3.166839356331533573e+00
3.193768511288797463e+00
3.159952635260758758e+00
3.189553950008400918e+00
3.193792122276362555e+00
3.104704297089918352e+00
3.165821063856190332e+00
3.118945566240900025e+00
3.183365674895370478e+00
3.220161751737603772e+00
3.197600904026277391e+00
3.199713538320632988e+00
3.158986781141519984e+00
3.203199178996543939e+00
3.176612932451710059e+00
3.094020050670277300e+00
3.122317819267224959e+00
3.155716933910100330e+00
3.126857992538927711e+00
3.180854948368810220e+00
3.252994751771647763e+00
3.169707816774343545e+00
3.162439201707019532e+00
3.158684780137778425e+00
3.197662951505227724e+00
3.120786948724622256e+00
3.158617516277854254e+00
3.206175810707967422e+00
3.225217523086604032e+00
3.153175458190431879e+00
3.168239817349792986e+00
3.167380487220964991e+00
3.191574336723431937e+00
3.176516292130512564e+00
3.131327607394302603e+00
3.179668084424105867e+00
3.144175004639833571e+00
3.141995381031920775e+00
3.222451468438698896e+00
3.167445554709952926e+00
3.153934578895291274e+00
3.183972422366523780e+00
3.166294930885697578e+00
3.197228344606207084e+00
3.186973763250980252e+00
3.116933965009614393e+00
3.185973865382229153e+00
3.202638280768685952e+00
3.278125353478447579e+00
3.158852253421671197e+00
3.197427390722309415e+00
3.165933078773941922e+00
3.156834337623943831e+00
3.232584425753327828e+00
3.184579718930411474e+00
3.188803065694552963e+00
3.212473080728711849e+00
3.179447898237741654e+00
3.213097399167355928e+00
3.188749803699347574e+00
3.221751924295486624e+00
3.194317329476505929e+00
3.163802598965729018e+00
3.172943345709883456e+00
3.150033275019684886e+00
3.160814985399624355e+00
3.200549806554629839e+00
3.153539232126756797e+00
3.186740398838998178e+00
3.150631511553460218e+00
3.115534327630456346e+00
3.172936482050707774e+00
3.171349054956495550e+00
3.203891584934213110e+00
3.240707429114873417e+00
3.125123957684717624e+00
3.140365948343551761e+00
3.228007188722074705e+00
3.142659234147418434e+00
3.195146734051327098e+00
3.209770446291592361e+00
3.204478565066939844e+00
3.172025537204876233e+00
3.186486992542222563e+00
3.092974303558230886e+00
3.146940784741371733e+00
3.183265190925034460e+00
3.184922901889208458e+00
3.182967582663165818e+00
3.148964740559173858e+00
3.128912972096205447e+00
3.143509504246134068e+00
3.176277711337557097e+00
3.169935415712617832e+00
3.156760484651210952e+00
3.232438367086063913e+00
3.141010308666989381e+00
3.190482740368089765e+00
3.146138560256887651e+00
3.135135565505116073e+00
3.134469516018682178e+00
3.213489176833118854e+00
3.164376949965571839e+00
3.166783348872657555e+00
3.127936410668652023e+00
3.185855535898035829e+00
3.190563731546365744e+00
3.192678562211657578e+00
3.237072709761660949e+00
3.154915258518350196e+00
3.120299354376763201e+00
3.150020096794067026e+00
3.198613431027912402e+00
3.160926451224641553e+00
3.218113910385869580e+00
3.190362763605694152e+00
3.116457901609171355e+00
3.141579443285858808e+00
3.165788392838512877e+00
3.135989130160236282e+00
3.228811060484761075e+00
3.184608820845317378e+00
3.107630686816173604e+00
3.191906537827547741e+00
3.150583191392861693e+00
3.206350971290137242e+00
3.111163549467215184e+00
3.143610262762837060e+00
3.145641631332549260e+00
3.196926343602465526e+00
3.181403217463784738e+00
3.201855549076261465e+00
3.228299031510235562e+00
3.171421535197393560e+00
3.203217848149502611e+00
3.218761290719344359e+00
3.178017237119107996e+00
3.208474861985541438e+00
3.167218230318045613e+00
3.241423446040108125e+00
3.162723631743270758e+00
3.170083121658084480e+00
3.188233381982949588e+00
3.120787223270989230e+00
3.164278936912539475e+00
3.158019005197711948e+00
3.105749220562863844e+00
3.183116661340467335e+00
3.176192876510142149e+00
3.199975730101153992e+00
3.150105480714215922e+00
3.139369619577571768e+00
3.177757241709523228e+00
3.100622616251168306e+00
3.158554645159802554e+00
3.263858551515331108e+00
3.142718261616331166e+00
3.154535560892736790e+00
3.144153864569571688e+00
3.112181567396191451e+00
3.204976592176746575e+00
3.152551688844522193e+00
3.172737710480972417e+00
3.212162019694858373e+00
3.198257069843497558e+00
3.130749961838054762e+00
3.158203500356361104e+00
3.231531814982105288e+00
3.164700091039575280e+00
3.179514613004931878e+00
3.173325788799167047e+00
3.188442037221898229e+00
3.136282620226599427e+00
3.144772692080874954e+00
3.170019701447298832e+00
3.158910182705116476e+00
3.216482006780196912e+00
3.149329063588233169e+00
3.179700755441783322e+00
3.147059388771932031e+00
3.183605628420161260e+00
3.157305733736147868e+00
3.126271286952568396e+00
3.194259400193061094e+00
3.208028998685472200e+00
3.200800467387735271e+00
3.231345947091620374e+00
3.159005999387212604e+00
3.192510539835030414e+00
3.143015046239099330e+00
3.207268779795144464e+00
3.135563308744960587e+00
3.171675765133270097e+00
3.142855809346217111e+00
3.189088044823538137e+00
3.184799905116775687e+00
3.186917755792104678e+00
3.148183107052217711e+00
3.152162382096062476e+00
3.156878539589036858e+00
3.181922659190219882e+00
3.167591338830849867e+00
3.160975869570708419e+00
3.190672177361345785e+00
3.169375615670228186e+00
3.123295204333879305e+00
3.214788330241941328e+00
3.216856213478469506e+00
3.169864582749922111e+00
3.119314007465464833e+00
3.193890684422129311e+00
3.180023621969419789e+00
3.163240602552402692e+00
3.168875666735852192e+00
3.189524848093495013e+00
3.248652526430578558e+00
3.185350096036319023e+00
3.166346820149067653e+00
3.176379293493361011e+00
3.139920085043482523e+00
3.156429656278930462e+00
3.149172297612654603e+00
3.142395120542327724e+00
3.202656400828910233e+00
3.179042942346361311e+00
3.166603521002247845e+00
3.173723881031371707e+00
3.194211903671563491e+00
3.174330079409791061e+00
3.206160436111413325e+00
3.144276312249270511e+00
3.219388080075291647e+00
3.119433435135126054e+00
3.208748584713478014e+00
3.207837090774912525e+00
3.119893849392648466e+00
3.210798622436148886e+00
3.188048337731566040e+00
3.151751111638239955e+00
3.115674895370379449e+00
3.178398582022923691e+00
3.170196234761303966e+00
3.134441237742877640e+00
3.197543798381933478e+00
3.234835980509404241e+00
3.164266582326022537e+00
3.205215722062436434e+00
3.139103309601545266e+00
3.150213926529195962e+00
3.115854448694422185e+00
3.148569393790639825e+00
3.125919318510026024e+00
3.173465807446356202e+00
3.203251068259914014e+00
3.200628052269235635e+00
3.097742350314575344e+00
3.166764954266066301e+00
3.179843245006276131e+00
3.142371784101129606e+00
3.197368637799763658e+00
3.188834363980395104e+00
3.179293054086732351e+00
3.137977394950323795e+00
3.152837217066241315e+00
3.139499205462813691e+00
3.172448887702848719e+00
3.150884917850235833e+00
3.134786067979876911e+00
3.193982108362352967e+00
3.125731803341339266e+00
3.054675908995566846e+00
3.125475926127259996e+00
3.153002768525565269e+00
3.173595118785231151e+00
3.125419644122017004e+00
3.115059636961847733e+00
3.163729295085729643e+00
3.182601337809537245e+00
3.163073678361243868e+00
3.175779409681383392e+00
3.215358563046278650e+00
3.164004939638235925e+00
3.182231523853137567e+00
3.201785265206299691e+00
3.185393748908678102e+00
3.145614176695845643e+00
3.195883891046823244e+00
3.190859692530032543e+00
3.174851442960795911e+00
3.192706291394728613e+00
3.132696495580352458e+00
3.119611066634599528e+00
3.108495507872342412e+00
3.201370700192072594e+00
3.193122503687157554e+00
3.129435159286311219e+00
3.165384260586233456e+00
3.097240479555630088e+00
3.185497801981785670e+00
3.176487464761973634e+00
3.206954149658519437e+00
3.192709036858398797e+00
3.179306232312350211e+00
3.104512663725726096e+00
3.190378138202248248e+00
3.163858606424604591e+00
3.193488473994419152e+00
3.163773222504455696e+00
3.189613801116415459e+00
3.206455298909611784e+00
3.115921987100713331e+00
3.163586256428503329e+00
3.236911276497842493e+00
3.178634691898575948e+00
3.208772470247410080e+00
3.179875092384852664e+00
3.120709526649117826e+00
3.163192831484538114e+00
3.221058145625982139e+00
3.124259136628548816e+00
3.248526784194475603e+00
3.167971036456462830e+00
3.072173847152350312e+00
3.196627911701495517e+00
3.173844681432868686e+00
3.200014441138906207e+00
3.166965373114003945e+00
3.189693145016489151e+00
3.195097864797994180e+00
3.137835454478564934e+00
3.179722170058412622e+00
3.210493875968736699e+00
3.171117337822715321e+00
3.183449136990949668e+00
3.140362653787147629e+00
3.124421118985100776e+00
3.180400025038628620e+00
3.212785239948033666e+00
3.198882486467609532e+00
3.141933608099337416e+00
3.189763154340083950e+00
3.173713997362158423e+00
3.217525282974940559e+00
3.183152626914548922e+00
3.172031028132217045e+00
3.111691502131028741e+00
3.160187646950943119e+00
3.174254030066121945e+00
3.212843443777845920e+00
3.097083713580051523e+00
3.193181531156070729e+00
3.152995355773655195e+00
3.139989270727975956e+00
3.195958842205024464e+00
3.161373961802913080e+00
3.218054059277855039e+00
3.140639121978754389e+00
3.183887587539109276e+00
3.191811544784552535e+00
3.173927045342979980e+00
3.110575196602653580e+00
3.162533920203647320e+00
3.145831342872172254e+00
3.179952789006724068e+00
3.135073518026165296e+00
3.182633734280847726e+00
3.112530241282329246e+00
3.158764947676953483e+00
3.126107108225079756e+00
3.212561484658897903e+00
3.217282858532846124e+00
3.122746660692537812e+00
3.170391711774634746e+00
3.142896716754906006e+00
3.215020321922088087e+00
3.223622683240481734e+00
3.160586837368615676e+00
3.155576640716544201e+00
3.220971663520365347e+00
3.200931151458445090e+00
3.223048606787005887e+00
3.199870304296211554e+00
3.109110217188140179e+00
3.178238521490940549e+00
3.190504154984718621e+00
3.187148649286783542e+00
3.136944002424793432e+00
3.134611731036808013e+00
3.141519043085110319e+00
3.128143418629398820e+00
3.169554345355169556e+00
3.104106884195244387e+00
3.133017989376153611e+00
3.166022306343228898e+00
3.126201826721707544e+00
3.151846928320336527e+00
3.121337139644166037e+00
3.105445023188186049e+00
3.168365285039528967e+00
3.167380487220964991e+00
3.198250755277055823e+00
3.172493089667941746e+00
3.216509186870533998e+00
3.164138094626248954e+00
3.152427319340254108e+00
3.181871044473216781e+00
3.219355409057614192e+00
3.179626353376316494e+00
3.153026379513130362e+00
3.143252528846586902e+00
3.200528666484367957e+00
3.123911560927878917e+00
3.165668690622484682e+00
3.220216661011011450e+00
3.157312048302589602e+00
3.152532196052462599e+00
3.191295397614521523e+00
3.158432746572837679e+00
3.161018698803966132e+00
3.206139845133885391e+00
3.168389719666195425e+00
3.161857437955266636e+00
3.177020084714027082e+00
3.120953598369414106e+00
3.105866177315221854e+00
3.207464256808475245e+00
3.211779851151941756e+00
3.225400096420683926e+00
3.244661720439318220e+00
3.181013910715325022e+00
3.160166781427048210e+00
3.153115332536050808e+00
3.170512237629764307e+00
3.174733937115703508e+00
3.166060193741880191e+00
3.177561215603458500e+00
3.222102794552560656e+00
3.156884579609112063e+00
3.213804081516110855e+00
3.154877371119698903e+00
3.114009222561561430e+00
3.115235072090384971e+00
3.173395798122761846e+00
3.137781094297891649e+00
3.156833788531209883e+00
3.157862788314867331e+00
3.202616042512955730e+00
3.197986367125598584e+00
3.211593434168722894e+00
3.209912661309717752e+00
3.170261302250291902e+00
3.222629099938172370e+00
3.131112912135278759e+00
3.244312222914079058e+00
3.169736644142882920e+00
3.190337505339926771e+00
3.153661954352823038e+00
3.205584163287000798e+00
3.133579711243112964e+00
3.184738681276926275e+00
3.229816998373587378e+00
3.133721926261238355e+00
3.062138628344386770e+00
3.138903714392708988e+00
3.143635521028604440e+00
3.200105590532762889e+00
3.198084380178630948e+00
3.177208698068181736e+00
3.112000915886680374e+00
3.188657281573656022e+00
3.201407489405255546e+00
3.253478777016735268e+00
3.196627637155128543e+00
3.037633992354432877e+00
3.180910955827685793e+00
3.129776145874171966e+00
3.161418438314373081e+00
3.143689057570176804e+00
3.196384663620300159e+00
3.202156726440901657e+00
3.155912410923431111e+00
3.186193777022226392e+00
3.136581052127569436e+00
3.154517989925246457e+00
3.158286687905573764e+00
3.198192825993610544e+00
3.119540508218270780e+00
3.200784818244814200e+00
3.195689237672593386e+00
3.140924650200473955e+00
3.194445817176279512e+00
3.215377232199237323e+00
3.176237078475235176e+00
3.219696944738208888e+00
3.164438448351788224e+00
3.235155277934269158e+00
3.221020532773697820e+00
3.201825074429520246e+00
3.166859398216327115e+00
3.239152673038338648e+00
3.118794565739029245e+00
3.121364319734502679e+00
3.178510596940674837e+00
3.221212440684257494e+00
3.157210740693152662e+00
3.188889273253802781e+00
3.146782920580325271e+00
3.167828821438337439e+00
3.136662317852212833e+00
3.147712534579115040e+00
3.173548720449201888e+00
3.183756354375665065e+00
3.195376529360537621e+00
3.142004990154767086e+00
3.174130758747321757e+00
3.203736740783203807e+00
3.144886079730461415e+00
3.240184143739299749e+00
3.153082386972005935e+00
3.196513974959175108e+00
3.167842274210322273e+00
3.160629117509139441e+00
3.143063091853330882e+00
3.181364780972399497e+00
3.164172412922128697e+00
3.121251206631283193e+00
3.152524508754185550e+00
3.231368734440084545e+00
3.212193043434333539e+00
3.216209382237728676e+00
3.232471861742842290e+00
3.153582061360014954e+00
3.218951276805334327e+00
3.158647167285494106e+00
3.210866984481540953e+00
3.171992591640831805e+00
3.133512721929555767e+00
3.180936214093453174e+00
3.139201322654577631e+00
3.179366357966731726e+00
3.176518763047816218e+00
3.207510929690871926e+00
3.163285902702964059e+00
3.163633752950000932e+00
3.157141280462292254e+00
3.126555716988819178e+00
3.170636332587665418e+00
3.112998617384495681e+00
3.150744624656679704e+00
3.167364288985309528e+00
3.164632003540549743e+00
3.209489036265378736e+00
3.150427798149117997e+00
3.184891329056998899e+00
3.168773535487314330e+00
3.156496920138854634e+00
3.073624275609410539e+00
3.180121909568819571e+00
3.200562161141146333e+00
3.236332258209760226e+00
3.235429275208572708e+00
3.255474180012365437e+00
3.188432153552684944e+00
3.174383341404996450e+00
3.172942522070782534e+00
3.182806698492081754e+00
3.198297153613085086e+00
3.174386910507768000e+00
3.218332998386765453e+00
3.226686346150255957e+00
3.184590151692358706e+00
3.164256973203176226e+00
3.201602417325852379e+00
3.133933052417490650e+00
3.197623142282007613e+00
3.100852411560378830e+00
3.135379637225412353e+00
3.228552712353378595e+00
3.214062704193860309e+00
3.162606125898178355e+00
3.154708525103970818e+00
3.150806672135630482e+00
3.220780853795274012e+00
3.146080356427075397e+00
3.168176122592640365e+00
3.189875443804202515e+00
3.193203769411800952e+00
3.116093853126479019e+00
3.156939488882519296e+00
3.147195289223615688e+00
3.140510634278980806e+00
3.221549583622979718e+00
3.134235602513966157e+00
3.156211666463502485e+00
3.183230872629154717e+00
3.188462353653059189e+00
3.184555284303745015e+00
3.156499940148891792e+00
3.159585566768029263e+00
3.224861985541290110e+00
3.145428857898095121e+00
3.197666520607999274e+00
3.178975129393702748e+00
3.157274709996672701e+00
3.094147440184582987e+00
3.141942393583082804e+00
3.151687142334720360e+00
3.158731727566541636e+00
3.177874473008248657e+00
3.164232538576510212e+00
3.219533040557087666e+00
