2.757243707796193988e+00
2.813259668508287348e+00
2.870503376304481158e+00
2.893431553100061393e+00
2.947636586863106256e+00
2.986893799877225142e+00
2.777440147329650166e+00
2.578974831184775773e+00
2.859914057704112889e+00
2.948004910988336391e+00
2.825997544505831627e+00
2.615745856353591137e+00
2.786310620012277361e+00
2.822989564149785302e+00
2.875107427869858956e+00
2.882289748311847699e+00
2.966421117249846695e+00
2.768999386126457907e+00
2.638336402701043415e+00
2.695242480049109712e+00
2.869643953345610843e+00
2.879588704726826265e+00
2.793646408839779216e+00
2.759085328422345107e+00
2.929097605893185907e+00
2.954880294659300244e+00
2.936556169429097807e+00
2.922314303253529921e+00
2.813505217925107438e+00
2.813443830570902193e+00
2.816973603437691764e+00
2.833241252302025615e+00
2.946992019643953409e+00
2.824186617556783130e+00
2.992971147943523480e+00
2.812062615101289076e+00
2.854818907305095355e+00
2.845610804174340203e+00
2.762707182320442101e+00
2.493308778391651437e+00
2.872836095764272457e+00
2.829158993247391063e+00
2.927440147329650078e+00
2.949294045426642086e+00
2.630939226519337204e+00
2.870196439533456267e+00
2.856353591160221139e+00
2.927961939840392880e+00
2.823327194597912815e+00
2.982750153468385346e+00
2.938459177409453726e+00
2.704327808471454819e+00
2.946286065070595317e+00
2.823787599754450373e+00
2.990730509515040048e+00
2.692019643953345476e+00
2.708195211786371903e+00
2.852793124616328946e+00
2.979435236341313686e+00
2.808563535911602127e+00
2.782197667280540188e+00
2.556936771025168920e+00
2.846593001841620563e+00
2.951258440761203250e+00
2.577317372621239944e+00
2.848434622467771682e+00
2.903560466543892105e+00
2.803775322283609484e+00
3.100245549416820179e+00
2.813382443216697393e+00
2.965346838551258468e+00
2.869367710251688131e+00
2.849693063228974754e+00
2.899263351749539641e+00
2.661080417434008805e+00
2.842510742786986011e+00
2.907980356046654169e+00
2.822375690607734633e+00
2.895979128299570160e+00
2.947790055248618923e+00
2.825721301411909359e+00
3.020349907918968846e+00
2.863750767341927350e+00
2.942971147943523658e+00
2.814886433394720555e+00
2.954327808471454819e+00
2.938643339472068572e+00
2.838397790055248837e+00
2.905770411295273359e+00
2.801135666052793294e+00
2.852087170042971298e+00
2.922283609576427299e+00
2.946807857581338119e+00
2.848802946593001817e+00
3.009300184162062575e+00
2.892050337630448276e+00
2.931461019030079829e+00
2.947882136279926346e+00
2.691221608348679961e+00
2.979128299570288352e+00
2.722252915899324943e+00
2.801473296500920807e+00
2.938950276243093906e+00
3.113075506445672325e+00
2.753621853898096994e+00
2.832565991405770589e+00
2.757274401473296610e+00
2.707980356046654435e+00
2.612430939226519477e+00
3.095273173726212246e+00
2.733701657458563528e+00
2.794659300184162198e+00
2.763812154696132506e+00
2.678268876611418214e+00
2.779343155310006086e+00
2.990515653775322136e+00
2.720319214241865957e+00
2.580509515039902002e+00
3.001903007980355920e+00
2.762400245549416766e+00
2.969214241866175552e+00
2.747790055248618746e+00
3.019828115408226044e+00
2.703867403314917262e+00
2.897820748925721279e+00
3.075506445672191447e+00
2.896224677716390250e+00
2.714333947206875486e+00
2.754450583179865131e+00
2.761970534069981387e+00
2.989993861264579333e+00
2.859054634745242574e+00
2.834346224677716464e+00
2.755555555555555536e+00
2.860742786985881025e+00
2.998987108655617018e+00
2.767526089625536923e+00
2.991252302025782850e+00
2.766451810926949140e+00
2.878698588090853328e+00
2.661817065684469075e+00
2.765592387968078381e+00
3.036341313689379984e+00
2.893523634131368816e+00
2.917464702271332033e+00
2.990085942295887200e+00
2.858072437077961769e+00
2.845979128299570338e+00
2.837691835481890745e+00
2.926028238182934338e+00
2.887783916513198434e+00
2.907366482504603944e+00
3.075997544505831627e+00
2.982259054634745166e+00
2.887384898710865677e+00
2.866421117249846606e+00
2.869736034376918266e+00
2.983456108041743438e+00
2.930908532842234404e+00
2.793492940454266549e+00
2.997851442602823990e+00
2.817802332719459901e+00
2.812676488643339301e+00
2.855801104972375715e+00
3.018201350521792392e+00
2.699570288520564798e+00
2.851411909146715828e+00
2.783855125844076017e+00
2.714702271332105621e+00
2.742357274401473255e+00
3.065837937384898737e+00
2.839287906691221774e+00
2.828238182934315503e+00
2.796838551258440830e+00
2.959668508287292887e+00
2.903130755064456725e+00
2.718109269490485147e+00
2.737845303867403324e+00
2.727163904235727632e+00
2.816666666666666874e+00
2.894014732965008996e+00
2.845211786372007445e+00
2.722559852670349834e+00
2.869674647022713465e+00
2.875905463474524026e+00
2.742633517495395967e+00
2.910712093308778226e+00
2.741375076734192895e+00
2.764947820748925533e+00
2.796470227133210695e+00
3.012124002455494054e+00
2.838121546961326125e+00
2.800092081031307689e+00
2.890116635972989734e+00
2.870042971147943600e+00
2.815131982811540645e+00
2.943646408839779127e+00
2.871086556169429205e+00
2.816144874155924072e+00
2.880202578268876490e+00
2.698465316144873949e+00
2.830693677102516848e+00
2.910926949048496137e+00
2.969766728054020977e+00
2.954941682013505044e+00
2.731307550644567428e+00
2.879742173112338932e+00
2.910067526089625378e+00
2.908563535911602216e+00
2.640914671577654804e+00
2.979742173112339021e+00
2.695518723143032425e+00
2.960896255371393337e+00
2.953928790669122062e+00
2.730294659300184001e+00
2.622744014732965034e+00
2.815101289134438467e+00
2.696807857581338119e+00
2.915438919582566069e+00
2.765285451197053490e+00
2.900092081031307334e+00
2.876273787599754606e+00
2.914426028238183086e+00
2.831307550644567073e+00
2.815623081645181269e+00
2.926703499079189807e+00
2.993216697360343570e+00
2.895887047268262737e+00
2.948496009821976571e+00
2.943032535297728458e+00
2.992081031307550543e+00
2.841743400859423119e+00
2.924585635359115976e+00
3.016942909760589320e+00
2.932903621853898191e+00
2.663934929404542462e+00
2.716329036218538828e+00
2.738152240638428658e+00
2.933578882750153660e+00
2.895979128299570160e+00
2.999079189686924440e+00
2.970196439533455912e+00
2.761448741559238584e+00
2.830908532842234315e+00
2.590423572744014802e+00
2.799109883364026885e+00
2.786771025168815363e+00
2.908133824432166836e+00
2.867894413750767146e+00
3.011141804788213694e+00
2.899539594843462353e+00
2.829619398403928621e+00
2.995672191528544914e+00
2.897483118477593766e+00
2.909821976672805288e+00
3.014825046040515488e+00
2.895426642111725180e+00
2.818815224063842884e+00
3.008471454880294438e+00
2.813198281154082103e+00
2.883670963781460816e+00
2.880325352977286535e+00
2.684315531000613930e+00
3.070810313075506226e+00
3.130693677102516670e+00
2.788643339472068661e+00
2.859054634745242574e+00
2.930110497237568890e+00
2.869306322897483330e+00
2.700828729281767870e+00
3.023848987108655795e+00
2.816728054020871674e+00
2.902670349907919167e+00
2.618047882136279814e+00
2.772222222222222143e+00
2.868047882136279814e+00
2.780540208717004358e+00
2.864518109269490687e+00
2.831706568446899830e+00
3.022191528545119521e+00
2.762645794966236856e+00
2.754112952731737174e+00
2.750798035604665515e+00
2.902332719459791210e+00
2.906629834254143674e+00
2.674094536525475796e+00
2.869275629220380708e+00
2.988980969920196351e+00
3.020349907918968846e+00
2.857796193984039501e+00
3.004604051565377354e+00
3.126580724370779496e+00
2.899201964395334397e+00
2.776365868631061939e+00
2.812952731737262013e+00
2.643953345610804195e+00
2.846193984039287805e+00
3.035359116022099624e+00
3.000736648250460270e+00
2.767526089625536923e+00
2.871086556169429205e+00
2.693861264579496595e+00
3.018078575813382347e+00
2.919521178637200620e+00
2.714364640883978108e+00
2.840699815837937514e+00
2.975874769797421937e+00
2.978606507059545550e+00
2.843124616329036236e+00
2.800890116635973204e+00
2.815438919582565980e+00
3.069152854511970396e+00
2.915254757519950779e+00
2.894229588704726908e+00
2.825537139349294069e+00
2.749355432780847153e+00
2.720042971147943689e+00
2.834622467771639176e+00
2.784131368937998730e+00
2.908993247391037595e+00
2.827839165131982746e+00
2.878852056476365995e+00
2.758256599140576970e+00
2.788428483732351193e+00
2.818723143032535461e+00
2.935604665438919625e+00
2.725445058317986557e+00
2.854849600982197533e+00
3.068139963167587414e+00
2.689165131982811374e+00
2.786310620012277361e+00
2.706169429097605938e+00
2.798066298342541280e+00
2.791896869244935520e+00
2.820411295273173913e+00
2.884192756292203619e+00
2.953652547575199350e+00
2.857458563535911544e+00
2.997605893186003900e+00
2.949877225291590133e+00
2.827225291589932521e+00
2.919091467157765685e+00
2.974340085942295708e+00
2.785972989564149849e+00
2.811264579496623561e+00
2.762799263351749524e+00
3.001841620626151119e+00
2.870012277470840978e+00
2.657519950890116611e+00
2.716083486801718738e+00
3.008072437077962125e+00
2.870871700429711293e+00
2.828852056476365728e+00
2.688581952117863771e+00
3.101473296500920629e+00
2.960343769183548357e+00
2.793799877225291439e+00
2.891190914671577517e+00
2.865500306936771047e+00
2.927869858809085457e+00
2.805770411295273270e+00
2.918324125230202792e+00
2.741774094536525652e+00
3.021025168815223871e+00
2.825107427869858689e+00
2.730233271945979201e+00
2.738182934315530836e+00
2.898158379373848792e+00
2.959361571516267553e+00
3.050153468385512490e+00
2.778330263965623104e+00
2.917065684468999276e+00
2.896347452424800295e+00
2.921546961325967029e+00
3.017372621240024699e+00
3.011878453038673964e+00
2.830785758133824270e+00
2.856384284837323317e+00
2.733026396562308058e+00
2.816052793124616205e+00
2.792909760589318502e+00
2.754726826273787399e+00
2.788305709023941148e+00
3.001534683855125785e+00
2.701012891344383160e+00
2.869736034376918266e+00
2.875751995089011803e+00
2.785052179251074289e+00
2.639594843462246931e+00
2.896193984039288072e+00
2.830540208717004180e+00
2.856936771025168742e+00
2.878299570288520570e+00
2.782780847145488234e+00
2.837047268262737898e+00
2.799508901166359642e+00
2.909085328422345018e+00
2.918078575813382258e+00
2.652056476365868498e+00
2.522498465316144856e+00
2.793278084714548637e+00
2.842418661755678144e+00
2.920748925721301514e+00
2.909054634745242396e+00
2.659637814610190443e+00
2.838980969920196440e+00
2.965899324739103893e+00
2.895549416820135225e+00
2.871945979128299520e+00
2.735174953959484512e+00
2.861786372007366630e+00
2.802885205647636546e+00
3.007673419275629367e+00
2.882565991405770411e+00
2.706353591160220784e+00
2.576181706568446916e+00
2.895856353591160115e+00
3.081154082259054849e+00
2.718201350521792570e+00
2.983763044812768772e+00
2.949232658072437285e+00
2.721915285451196986e+00
2.778514426028238393e+00
2.780540208717004358e+00
2.931890730509515208e+00
3.014180478821362641e+00
3.036617556783302696e+00
2.874340085942296064e+00
2.875352977286679046e+00
2.976058931860036783e+00
2.907243707796193899e+00
2.832750153468385435e+00
2.729864947820749066e+00
2.702608962553713745e+00
2.785113566605279534e+00
2.909545733578882576e+00
2.946654389195825452e+00
2.793738489871086639e+00
2.861755678330264008e+00
2.946286065070595317e+00
3.110405156537753069e+00
2.883333333333333304e+00
2.547882136279926435e+00
2.848925721301411862e+00
2.606414978514425940e+00
2.850153468385512756e+00
2.947728667894413679e+00
2.915715162676488781e+00
2.840085942295886845e+00
2.711325966850828717e+00
2.946132596685083094e+00
2.859116022099447374e+00
2.778115408225905636e+00
2.744106813996316951e+00
2.847943523634131502e+00
2.969275629220380797e+00
2.851074278698587872e+00
2.816206261510128872e+00
2.998189073050951503e+00
3.128207489257213147e+00
2.749048496009821818e+00
3.053683241252302061e+00
2.861510128913443918e+00
3.105893186003683137e+00
2.898741559238796839e+00
2.972590546347452456e+00
2.808594229588704749e+00
2.831430325352977118e+00
2.737047268262737809e+00
2.971393492940454184e+00
2.994812768569674599e+00
2.827716390423572701e+00
2.873848987108655439e+00
3.028514426028238393e+00
2.937906691221608302e+00
2.715039901780233134e+00
2.560773480662983381e+00
2.773941068139963217e+00
3.055524861878453180e+00
2.915745856353590959e+00
2.789042357274401418e+00
2.840116635972989467e+00
2.694536525475752065e+00
2.958901166359729995e+00
2.940822590546347648e+00
2.882995702885205791e+00
2.864732965009208154e+00
2.975107427869858601e+00
2.960220994475138312e+00
3.006414978514425851e+00
2.588766114180478972e+00
2.769736034376918177e+00
3.057028852056476342e+00
2.873081645181092547e+00
2.812615101289134500e+00
2.944505831798649442e+00
2.895395948434622557e+00
2.906414978514426206e+00
2.754051565377532373e+00
2.939042357274401329e+00
2.998987108655617018e+00
2.945948434622467804e+00
2.918139963167587503e+00
2.726918354818907098e+00
2.917249846531614565e+00
2.792081031307550809e+00
2.756936771025168653e+00
2.892449355432781033e+00
2.742633517495395967e+00
2.674186617556783219e+00
3.036832412523020164e+00
2.842756292203806101e+00
2.947882136279926346e+00
3.025537139349294247e+00
2.801933701657458364e+00
2.890392879066912002e+00
2.869521178637200798e+00
2.969981583793738444e+00
2.693431553100061215e+00
2.817495395948434567e+00
2.910896255371393515e+00
2.787968078575813191e+00
3.022836095764272368e+00
2.857581338244321589e+00
2.660834868017188271e+00
2.691620626151012718e+00
2.779465930018416131e+00
2.884069981583793574e+00
2.632596685082873034e+00
2.990638428483732181e+00
2.885389809699201891e+00
2.825751995089011537e+00
2.760834868017188359e+00
2.950368324125230313e+00
2.927163904235727365e+00
2.854542664211172642e+00
2.869551872314303420e+00
3.002486187845303967e+00
2.649416820135052308e+00
2.819152854511970396e+00
2.858225905463474437e+00
2.713228974831184637e+00
2.878821362799263373e+00
2.758256599140576970e+00
2.870626151012891203e+00
2.867249846531614299e+00
2.989103744628606396e+00
2.656691221608348474e+00
2.845856353591160293e+00
2.632811540822590501e+00
2.847728667894413590e+00
2.813535911602210060e+00
2.851780233271945963e+00
2.862645794966236945e+00
2.916850828729281808e+00
2.781798649478207430e+00
2.663198281154082192e+00
2.777102516881522210e+00
2.709944751381215600e+00
2.925291589932474068e+00
2.959637814610190265e+00
2.799386126457949597e+00
2.665346838551258646e+00
2.797114794352363543e+00
2.823879680785758239e+00
2.885082872928177000e+00
2.948311847759361726e+00
2.870902394106813915e+00
3.020349907918968846e+00
2.959116022099447463e+00
2.885144260282381801e+00
2.936372007366482517e+00
2.909208103130755063e+00
2.983026396562308058e+00
2.958993247391037418e+00
2.604696132596684865e+00
2.933947206875383795e+00
2.966850828729281631e+00
2.853100061387354280e+00
3.021086556169429116e+00
2.888060159607121147e+00
2.981583793738489696e+00
2.840853284223450181e+00
2.932750153468385523e+00
2.796470227133210695e+00
2.902424800491098633e+00
2.817311233885819721e+00
2.947790055248618923e+00
2.966144874155923983e+00
2.864272559852670152e+00
2.701872314303253475e+00
2.726488643339472162e+00
2.911970534069981742e+00
3.080816451810926893e+00
2.904051565377532285e+00
3.000061387354205245e+00
3.141037446286064849e+00
2.886955187231430298e+00
2.640423572744014624e+00
2.875690607734806559e+00
2.924984653161448733e+00
2.815224063842848512e+00
2.898741559238796839e+00
2.699447513812154753e+00
2.939963167587476889e+00
2.944996930632289622e+00
3.005310006138735446e+00
2.945058317986494867e+00
2.945641497851442470e+00
2.740515653775322136e+00
2.956169429097605938e+00
2.525046040515653623e+00
2.967986494782075102e+00
2.948311847759361726e+00
2.939779005524862043e+00
2.807243707796193810e+00
2.795917740945365271e+00
2.711111111111111249e+00
3.006169429097605761e+00
2.914794352363413221e+00
2.867679558011049679e+00
3.007704112952731546e+00
2.970411295273173824e+00
2.937906691221608302e+00
2.842940454266420947e+00
2.791344383057090095e+00
2.986341313689380161e+00
2.863474524248005082e+00
2.780171884591774223e+00
2.940085942295886934e+00
2.925936157151626915e+00
2.797145488029465721e+00
2.649386126457949686e+00
2.805402087170043135e+00
2.848066298342541547e+00
2.946439533456107984e+00
2.722621240024555078e+00
3.040914671577655159e+00
2.701534683855125962e+00
2.741405770411295073e+00
2.859668508287292799e+00
2.888152240638428569e+00
2.989195825659914263e+00
2.874585635359116154e+00
2.853898096992019795e+00
2.604511970534070020e+00
2.807980356046654524e+00
2.896562308164518207e+00
2.825076734192756511e+00
3.009177409453652530e+00
2.857519950890116789e+00
2.815592387968078647e+00
2.900521792510742713e+00
2.724831184775936332e+00
2.843554327808471616e+00
2.675936157151626915e+00
2.895610804174340025e+00
2.841190914671577694e+00
2.759637814610190087e+00
2.922222222222222054e+00
2.879251074278698752e+00
2.907612031921424034e+00
2.835359116022099446e+00
2.904910988336402600e+00
2.946746470227133319e+00
2.889441375076734264e+00
2.812154696132596499e+00
2.909422958870472531e+00
2.873756906077348017e+00
2.936187845303867228e+00
2.803100061387354014e+00
2.861817065684468808e+00
2.747820748925721368e+00
3.023327194597912992e+00
2.769613259668508132e+00
2.906138735420503494e+00
2.916267648864333761e+00
2.716482504604051496e+00
2.925782688766114248e+00
3.049263351749539552e+00
3.058655616942909550e+00
2.851995089011663431e+00
3.001565377532228407e+00
2.680448127685696846e+00
2.825230202578268734e+00
2.870687538367096447e+00
2.794628606507059576e+00
2.824800491098833799e+00
2.909484346224677775e+00
2.905095150399017889e+00
2.978698588090853416e+00
2.892633517495395878e+00
2.976365868631062117e+00
2.633947206875383529e+00
2.808686310620012172e+00
2.883609576427256016e+00
2.860128913443830356e+00
2.833855125844076284e+00
2.900644567219152758e+00
2.876918354818907453e+00
2.833210558624923436e+00
2.868047882136279814e+00
2.764825046040515488e+00
2.934530386740331398e+00
3.001749539594843252e+00
2.963321055862492504e+00
2.796378146101902828e+00
2.818017188459177369e+00
2.967311233885819632e+00
2.866635972989564074e+00
2.876887661141804831e+00
2.942173112338858143e+00
2.894628606507059665e+00
2.793155310006138592e+00
2.888367096378146037e+00
2.820012277470841155e+00
2.965960712093308693e+00
3.011663597298956496e+00
2.750491098833640180e+00
2.907765500306936701e+00
2.863934929404542640e+00
2.961264579496623917e+00
2.888919582565991462e+00
2.793462246777163926e+00
2.852117863720073476e+00
2.860466543891958313e+00
2.815285451197053312e+00
2.769244935543277997e+00
2.853744628606507128e+00
2.865960712093308604e+00
2.862983425414364458e+00
2.978667894413750794e+00
3.057796193984039235e+00
2.909392265193370353e+00
2.900920810313075471e+00
2.986095764272560071e+00
2.841988950276243209e+00
2.929864947820748800e+00
2.904910988336402600e+00
2.801657458563536096e+00
2.880939226519337204e+00
2.750030693677102622e+00
2.759821976672805377e+00
2.854112952731737263e+00
2.821424186617556895e+00
2.732136279926335121e+00
2.774800491098833533e+00
2.941835481890730630e+00
2.942326580724370810e+00
2.873726212400245394e+00
2.775260896255371534e+00
2.916298342541436384e+00
2.911019030079803560e+00
2.867004297114794209e+00
2.988336402701043504e+00
2.916083486801718916e+00
2.811479435236341473e+00
2.781338244321669873e+00
2.978084714548802747e+00
2.942449355432780855e+00
2.908717004297114883e+00
2.926488643339471896e+00
2.967679558011049767e+00
2.951534683855125962e+00
2.903130755064456725e+00
2.800061387354205067e+00
3.058348680171884659e+00
2.994045426642111707e+00
2.787998772252915813e+00
2.859330877839165286e+00
2.806200122774708205e+00
2.945303867403314957e+00
2.765745856353591048e+00
2.797145488029465721e+00
2.883364027010435926e+00
3.002240638428483877e+00
2.765684468999386247e+00
2.833947206875383706e+00
2.955831798649478426e+00
2.673388581952117704e+00
2.830908532842234315e+00
2.748680171884591683e+00
2.819521178637200531e+00
2.913351749539594859e+00
2.781184775936157205e+00
2.759607120933087909e+00
2.613075506445672325e+00
2.890883977900552626e+00
2.693799877225291795e+00
2.723112338858195258e+00
2.799447513812154842e+00
2.925598526703498958e+00
3.070135052179251200e+00
2.916942909760589231e+00
2.736372007366482340e+00
2.914518109269490509e+00
2.847053406998158565e+00
3.048864333947206795e+00
2.871485573971761962e+00
2.764333947206875308e+00
2.746531614487415673e+00
2.984499693063229042e+00
2.798895027624309417e+00
2.977255985267035054e+00
2.748772252915899106e+00
3.053775322283609484e+00
2.772344996930632188e+00
2.920196439533456090e+00
3.109729895641498043e+00
2.910926949048496137e+00
2.837262124002455366e+00
2.813075506445672058e+00
3.028084714548803014e+00
2.820042971147943334e+00
2.652854511970534013e+00
2.864180478821362730e+00
2.680908532842234404e+00
2.795089011663597134e+00
2.896378146101902917e+00
3.043370165745856504e+00
2.846869244935543275e+00
2.885819521178637270e+00
3.017740945365254834e+00
2.974432166973603575e+00
2.809637814610190354e+00
2.970534069981583869e+00
2.735635359116022070e+00
2.781368937998772051e+00
2.914088397790055129e+00
2.925629220380601581e+00
2.735021485573971844e+00
2.827071823204419854e+00
3.051534683855126051e+00
2.879680785758133688e+00
3.035267034990791757e+00
2.909729895641497865e+00
2.674309392265193264e+00
2.907458563535911811e+00
2.919152854511970485e+00
2.836556169429097718e+00
2.784960098219766866e+00
3.042203806015960854e+00
2.897237569060773676e+00
3.031675874769797385e+00
2.974861878453038511e+00
2.706445672191528651e+00
2.770534069981583691e+00
2.880785758133824537e+00
2.963842848373235306e+00
2.681338244321669784e+00
2.696531614487415407e+00
2.720349907918968579e+00
2.907274401473296521e+00
2.635359116022099268e+00
2.708717004297114705e+00
2.932719459791282901e+00
2.872252915899324854e+00
2.741743400859423030e+00
2.918999386126457818e+00
2.723634131368938061e+00
2.740976058931860138e+00
2.992234499693063210e+00
2.949232658072437285e+00
2.907612031921424034e+00
2.909515039901780398e+00
2.887047268262737720e+00
2.854665438919582687e+00
2.765930018416206337e+00
2.603314917127071748e+00
2.718293431553099992e+00
2.929036218538981107e+00
2.681645181092695118e+00
2.796071209330877938e+00
2.939441375076734086e+00
3.034131368937998730e+00
2.752209944751381254e+00
2.757059545733578698e+00
2.712216083486801654e+00
2.758164518109269547e+00
2.789502762430939420e+00
2.766881522406384075e+00
2.606936771025168742e+00
2.914794352363413221e+00
2.795672191528545181e+00
2.921301411909146495e+00
2.748096992019644080e+00
2.583364027010435660e+00
2.862922038060159657e+00
2.931583793738489874e+00
2.717833026396562435e+00
2.898465316144874127e+00
2.775414364640883758e+00
2.654573357888275087e+00
2.957059545733578876e+00
2.794843462246777044e+00
2.918692449355432927e+00
2.813014119091467258e+00
3.030877839165131871e+00
3.134346224677716286e+00
2.670994475138121604e+00
2.871454880294659340e+00
2.855033763044812822e+00
2.686955187231430120e+00
2.755095150399017978e+00
2.781583793738489963e+00
2.984929404542664422e+00
2.718784530386740173e+00
2.820810313075506226e+00
2.859300184162062664e+00
3.037599754450583056e+00
2.758011049723756880e+00
2.800736648250460537e+00
2.787968078575813191e+00
2.909484346224677775e+00
2.913228974831184814e+00
2.818262737875997459e+00
3.073941068139963040e+00
2.720165745856353734e+00
2.947298956414978299e+00
2.839840392879066755e+00
2.825751995089011537e+00
2.863075506445672325e+00
2.906691221608348474e+00
2.756200122774708383e+00
2.880540208717004447e+00
2.757489257213014078e+00
2.869889502762430933e+00
2.993554327808471527e+00
2.814732965009207888e+00
3.016973603437691942e+00
2.847206875383670788e+00
2.805524861878453180e+00
2.916942909760589231e+00
2.970288520564763779e+00
2.879251074278698752e+00
2.867004297114794209e+00
2.912523020257826722e+00
2.726795580110497053e+00
2.825629220380601492e+00
2.718354818907305237e+00
2.805923879680785937e+00
2.818569674647022794e+00
2.846500920810313140e+00
2.945610804174340291e+00
2.975352977286679135e+00
2.777163904235727454e+00
2.957519950890116434e+00
2.811233885819521383e+00
2.904849600982197799e+00
2.632259054634745077e+00
2.875997544505831893e+00
2.802885205647636546e+00
2.824370779619398419e+00
2.925199508901166201e+00
2.746623695518723096e+00
2.869183548189072841e+00
2.885666052793124603e+00
2.917863720073664791e+00
2.914487415592387887e+00
2.785850214855739804e+00
3.014886433394720733e+00
2.871639042357274185e+00
2.998158379373848881e+00
2.976734192756292252e+00
2.937875997544505680e+00
2.934561080417434020e+00
2.703990178023327307e+00
3.111448741559238673e+00
2.965438919582565891e+00
2.944536525475752065e+00
2.628023327194597858e+00
2.875813382443216604e+00
2.757090239410681320e+00
2.930969920196439649e+00
2.860834868017188448e+00
2.914119091467157752e+00
3.080939226519336938e+00
2.964272559852670241e+00
2.942971147943523658e+00
2.802363413136893744e+00
2.909760589318600488e+00
2.887937384898710658e+00
2.713198281154082458e+00
2.724370779619398331e+00
2.635696746470227225e+00
2.996992019643953231e+00
2.793370165745856504e+00
2.583364027010435660e+00
2.840853284223450181e+00
2.907765500306936701e+00
2.847575199508901367e+00
2.507489257213014078e+00
2.801012891344383249e+00
2.983824432166973573e+00
2.799294045426642175e+00
2.926028238182934338e+00
2.899232658072437019e+00
2.851688152240638541e+00
2.822498465316144678e+00
2.741160220994474983e+00
