4.565597433034591646e+00
4.568189063982146081e+00
4.594787830442785825e+00
4.590032935492180499e+00
4.570321058728911368e+00
4.553510881482520922e+00
4.580304916795351566e+00
4.605835499221329954e+00
4.634697022773202946e+00
4.594565446990738877e+00
4.622986139628818769e+00
4.602661123042993019e+00
4.591265556455002006e+00
4.600035817511745506e+00
4.595165466845623214e+00
4.566628006495258241e+00
4.570474999682933692e+00
4.601434406065623151e+00
4.590643232655074790e+00
4.568706865372950787e+00
4.601582005701938094e+00
4.606664462512097380e+00
4.607770475786881370e+00
4.578413236123119567e+00
4.650892310868012913e+00
4.609473884923014353e+00
4.602530142032396299e+00
4.623712111173357897e+00
4.611035379742157936e+00
4.588858698385500645e+00
4.583985505059715138e+00
4.586562266710575209e+00
4.562701856169293357e+00
4.634492569943640561e+00
4.602687362978337582e+00
4.580934237911371554e+00
4.567556025541953169e+00
4.547292454138059270e+00
4.603382502598846848e+00
4.587956919274151169e+00
4.585306904470454192e+00
4.612136801028255739e+00
4.608545209877935811e+00
4.590779461652739535e+00
4.562811845231613539e+00
4.566925829761421696e+00
4.613400691247363739e+00
4.600145369241809945e+00
4.605645915688463710e+00
4.576676152403293507e+00
4.588033015086650401e+00
4.576840151999198802e+00
4.596183357670873271e+00
4.604154175364111978e+00
4.608576479134222303e+00
4.573774452886414821e+00
4.594851462285997279e+00
4.546861244533893398e+00
4.595654185641420142e+00
4.580520958929690245e+00
4.602879789170866154e+00
4.618214844718622203e+00
4.629362006585348688e+00
4.560368688584884644e+00
4.653001345671350819e+00
4.601519029857110255e+00
4.579553798646107232e+00
4.582721833506735898e+00
4.580212858355516836e+00
4.594361431493433123e+00
4.603515451604593522e+00
4.594047645599934171e+00
4.593786776909381864e+00
4.563210473582726578e+00
4.591416436083235020e+00
4.579430033617730267e+00
4.642126860466082583e+00
4.612150358328183763e+00
4.567549028225861285e+00
4.585920481625266554e+00
4.588003057827132025e+00
4.593531374872025452e+00
4.619560516069554978e+00
4.582724020168014611e+00
4.623311733493221887e+00
4.606327498009044952e+00
4.579161948944958205e+00
4.590185783115563467e+00
4.590452774457697060e+00
4.602703544271800062e+00
4.584830868310073804e+00
4.596928134502410224e+00
4.584104240767151062e+00
4.617876786884930418e+00
4.586096070525949031e+00
4.586329387284389547e+00
4.608784211955701871e+00
4.581543660409754359e+00
4.602825997303408911e+00
4.600028382863397880e+00
4.619191626311832444e+00
4.565883010997594305e+00
4.622349165198323284e+00
4.619725827662227502e+00
4.564703963236101281e+00
4.569958510288897102e+00
4.575337041036197760e+00
4.591844584361610693e+00
4.581177831977822024e+00
4.603255457578552701e+00
4.591142666091137414e+00
4.606747118308433642e+00
4.578802024498478396e+00
4.548890028868302515e+00
4.580617172025954531e+00
4.633814486281106149e+00
4.615817170626491439e+00
4.581134754750631366e+00
4.567664702607506122e+00
4.578759603269670464e+00
4.612796516736049846e+00
4.607320023563461930e+00
4.587047268182197435e+00
4.607805243701212916e+00
4.573819279442628449e+00
4.589519070091678365e+00
4.561493944478920426e+00
4.565084223632473126e+00
4.600044345490732489e+00
4.565054266372954750e+00
4.569407034314401095e+00
4.582464682140356516e+00
4.567572425501543520e+00
4.530766324191777272e+00
4.632033888001833688e+00
4.627505968491960608e+00
4.626359720649648288e+00
4.572665815618097263e+00
4.593593257386213935e+00
4.614166022694919711e+00
4.618621563716467371e+00
4.586997193638914894e+00
4.572620333063499132e+00
4.570251304234119516e+00
4.597269690994147950e+00
4.578639774231596071e+00
4.601677562799818766e+00
4.553536902751738502e+00
4.657118172860822192e+00
4.588068876331622192e+00
4.562927956945514119e+00
4.604764035194750527e+00
4.601253569177872649e+00
4.597568826257078634e+00
4.590633392679320579e+00
4.599856729953017087e+00
4.635405501027512365e+00
4.577780416349054526e+00
4.609914278504550822e+00
4.656409257274257030e+00
4.635683425676039526e+00
4.578311556373658497e+00
4.619579540022679787e+00
4.593023413456975845e+00
4.576073945887130456e+00
4.596350199926440894e+00
4.550380238529759147e+00
4.619608622617687566e+00
4.627165286664733479e+00
4.575675536202145288e+00
4.572412818908147436e+00
4.581101517499194031e+00
4.571879054890009009e+00
4.577415681247761547e+00
4.607075773498627846e+00
4.614316027658641239e+00
4.556267386690492138e+00
4.634890542296370874e+00
4.573382603185265793e+00
4.587011844269482275e+00
4.572120462295180765e+00
4.609325191956060053e+00
4.617634942147502919e+00
4.604430132017488297e+00
4.608312549117878909e+00
4.592646433052522070e+00
4.595953320904350825e+00
4.515298975636657275e+00
4.578167892727645238e+00
4.615383337028791111e+00
4.593507102931831731e+00
4.597485514462358758e+00
4.593326047377952470e+00
4.614846730350989468e+00
4.588190673364847427e+00
4.628889906415270872e+00
4.629890085284163348e+00
4.611192382021970460e+00
4.565480665322307452e+00
4.603960218508688307e+00
4.597196875173565900e+00
4.629757573610671528e+00
4.577400374618810552e+00
4.577264801619528534e+00
4.628418680909703653e+00
4.597013632958408813e+00
4.612301019290288906e+00
4.583309170726203696e+00
4.614619317578001478e+00
4.580426713828576801e+00
4.574404430000817534e+00
4.599222598182184818e+00
4.624681020785964769e+00
4.581472812584323151e+00
4.628883346431434731e+00
4.584442735933098589e+00
4.590183159122029011e+00
4.588875317011218868e+00
4.604578387652185967e+00
4.585246989951416552e+00
4.554124458637334172e+00
4.641195561427469585e+00
4.587428840575336508e+00
4.590561888855505757e+00
4.586892015231407882e+00
4.604120282114291918e+00
4.634389796863540134e+00
4.612504816121466789e+00
4.616627765962517671e+00
4.616435995768372713e+00
4.586429099038699775e+00
4.607391527387276753e+00
4.584266709700160369e+00
4.574488835126176767e+00
4.606866510014252292e+00
4.585799340590424933e+00
4.581176738647182667e+00
4.632838579352407393e+00
4.587247347689202392e+00
4.590177255136576484e+00
4.637816951085699024e+00
4.575384710252073717e+00
4.564981231886244828e+00
4.589028820632986339e+00
4.573569344058469710e+00
4.592244962041746703e+00
4.601789738523417661e+00
4.568222082567455544e+00
4.583889291963450852e+00
4.612880265863024576e+00
4.592639217070302315e+00
4.598579063767853192e+00
4.546796082027786845e+00
4.591815939098859545e+00
4.614798623802857769e+00
4.590124993932015229e+00
4.622021166006513582e+00
4.570721217742919507e+00
4.633716305189691020e+00
4.566128135726939874e+00
4.590943242582516959e+00
4.614351232905228528e+00
4.575764095983934077e+00
4.631412001534161327e+00
4.563304937349967894e+00
4.584571967614671451e+00
4.604477582567236382e+00
4.587348808772535591e+00
4.548755986531915596e+00
4.572683308908326971e+00
4.610343738779694611e+00
4.598339624357832278e+00
4.563458003639478733e+00
4.606869790006170362e+00
4.568327916973346170e+00
4.631913621631502664e+00
4.568304738363790918e+00
4.596394807816526651e+00
4.601699648078733773e+00
4.572435341519318186e+00
4.612892948498442003e+00
4.596013891421771191e+00
4.604765565857645626e+00
4.568296866383187549e+00
4.581012739051277372e+00
4.638715231539002559e+00
4.597216117792819468e+00
4.572217987388212279e+00
4.611220589952466753e+00
4.571513226458076673e+00
4.580668558566005188e+00
4.592895931104425955e+00
4.611918790898766218e+00
4.578706248734469852e+00
4.633450188512068912e+00
4.639298195435912930e+00
4.583982662400052810e+00
4.554283647578425409e+00
4.604536185089506795e+00
4.575595067067087740e+00
4.608615401704983405e+00
4.589098793793905173e+00
4.605174034184512877e+00
4.621950974179465987e+00
4.610567652894636659e+00
4.580072037369166793e+00
4.604293903019822665e+00
4.606801566174274498e+00
4.586343163250445443e+00
4.625516762726696207e+00
4.588971748773611026e+00
4.578907202905985407e+00
4.585662236928247815e+00
4.595279829230500823e+00
4.584663151389994695e+00
4.583310264056843053e+00
4.550102095215104114e+00
4.576712013648265298e+00
4.577517360997222617e+00
4.589824328006189447e+00
4.602351710472052382e+00
4.565157914117566662e+00
4.603401307885843785e+00
4.560930223201263622e+00
4.620492252440423719e+00
4.631092748987466479e+00
4.565556323802551830e+00
4.627107121474719698e+00
4.625101515749864944e+00
4.564452278522918682e+00
4.581281698388561807e+00
4.601469611312211327e+00
4.623188624463229424e+00
4.616053330044595171e+00
4.658105231762042386e+00
4.592747238137471655e+00
4.585963558852457211e+00
4.590699429849938618e+00
4.583976977080728155e+00
4.587913842046959623e+00
4.600269352936314782e+00
4.606287044775388750e+00
4.598914716274139280e+00
4.582936126312051606e+00
4.623778585676231678e+00
4.611228024600814379e+00
4.543775865469600994e+00
4.596601228641238990e+00
4.614818303754366191e+00
4.578508793221000239e+00
4.544794849625490407e+00
4.561557794988259751e+00
4.598299827122559691e+00
4.595252058632261161e+00
4.585777692643765668e+00
4.621947475521420046e+00
4.620309884889777230e+00
4.589010234012116385e+00
4.598360397639980057e+00
4.586907759192614620e+00
4.617028799641037295e+00
4.576230729500815997e+00
4.600842476857470054e+00
4.616323601378645947e+00
4.590010850213265492e+00
4.596025262060421390e+00
4.571492234509801023e+00
4.605635857046581627e+00
4.590008444885858907e+00
4.599410432386028091e+00
4.590850965476554357e+00
4.603926981257251860e+00
4.575954116849056064e+00
4.559174115528312754e+00
4.562762208020585852e+00
4.604720739301431998e+00
4.551019399621532457e+00
4.636400431909335929e+00
4.584656372740030683e+00
4.611866967026459818e+00
4.626063865378635676e+00
4.599294758004383255e+00
4.595894718382080413e+00
4.581902491525593923e+00
4.612714516938097198e+00
4.592806277991997810e+00
4.618191666109067839e+00
4.603189420407934662e+00
4.584014368988595045e+00
4.636340080058042545e+00
4.553105911813699613e+00
4.646864480792586072e+00
4.564705493898996380e+00
4.562962506193717793e+00
4.572506189344749394e+00
4.581476529908496964e+00
4.555425522098180302e+00
4.581165586674661228e+00
4.615408046301240574e+00
4.609458796960191229e+00
4.580414905857671748e+00
4.648215181464459889e+00
4.593849096755825201e+00
4.633575265537212218e+00
4.600064462774496654e+00
4.602066788507433337e+00
4.573648938529015773e+00
4.586175883662622965e+00
4.611623810292265091e+00
4.614177611999697781e+00
4.570110483247769473e+00
4.593888893991098676e+00
4.603753797683975968e+00
4.622270008060033852e+00
4.544256056286410939e+00
4.609614268577108653e+00
4.600905015370042150e+00
4.563116228481613135e+00
4.616586438064349984e+00
4.574339704826967612e+00
4.587059076153103376e+00
4.615914258387267211e+00
4.566803595395940718e+00
4.585268637898075816e+00
4.561162665295192653e+00
4.600046750818139074e+00
4.594615521534021418e+00
4.581652774807563056e+00
4.588566560438661845e+00
4.627597589599539596e+00
4.597283685626331717e+00
4.560885615311176977e+00
4.549317083816038831e+00
4.604190036609082881e+00
4.609698892368595757e+00
4.614992143326025698e+00
4.589210969517504068e+00
4.597632458100290087e+00
4.608864681090759419e+00
4.610535290307711698e+00
4.574426733945861301e+00
4.648045496549229938e+00
4.617757395179111768e+00
4.570752268333077240e+00
4.578799400504943939e+00
4.576576003316727537e+00
4.601436811393029735e+00
4.613793634279152123e+00
4.589356163826412427e+00
4.640451440594317134e+00
4.563376878506038459e+00
4.641425598193992919e+00
4.597235797744327890e+00
4.588632160277024141e+00
4.587259155660107446e+00
4.577671301951244942e+00
4.600555149565444424e+00
4.557218584346741430e+00
4.574501080429337563e+00
4.584990494583421672e+00
4.587343342119337919e+00
4.590423035864306556e+00
4.591796696479606865e+00
4.609914059838422951e+00
4.567358788694611427e+00
4.612894041829081360e+00
4.628506147360853085e+00
4.574370318084869602e+00
4.603790533593458356e+00
4.622465058246096881e+00
4.566401905719037480e+00
4.585361571002422032e+00
4.594965168672491274e+00
4.609590215303042804e+00
4.587814786291033009e+00
4.600177731828735794e+00
4.630466926529493321e+00
4.611866967026459818e+00
4.608206058713604669e+00
4.603684261855311988e+00
4.583890822626345951e+00
4.552860131085970430e+00
4.563625939225685713e+00
4.620369362076558239e+00
4.562262118586139614e+00
4.576570755329658624e+00
4.607775505107822411e+00
4.601529525831248080e+00
4.574850946233935289e+00
4.638597370496079009e+00
4.608387988931995416e+00
4.623353717389774076e+00
4.607964213976177170e+00
4.573453669676824873e+00
4.580846115461838508e+00
4.599509488141954705e+00
4.620319506199403570e+00
4.561636952126550071e+00
4.607409676675890076e+00
4.621186298730293629e+00
4.601226235911887841e+00
4.595204826748640059e+00
4.572710642174310891e+00
4.557001011549507652e+00
4.589634744473323202e+00
4.621866787720234626e+00
4.584771828455547649e+00
4.584303008277387903e+00
4.598559821148600513e+00
4.570629377969212648e+00
4.614014924400559714e+00
4.589878557205901544e+00
4.607581766918526611e+00
4.578858659025597078e+00
4.622410391714128153e+00
4.571502949150066719e+00
4.579930123052176505e+00
4.632594110621444550e+00
4.590154513859277863e+00
4.597363280096877780e+00
4.586946681763375722e+00
4.584365765456086983e+00
4.595170933498819998e+00
4.582854126514098958e+00
4.583818662804148403e+00
4.605790235332860583e+00
4.633660107994827193e+00
4.615160078912231789e+00
4.586366560526128566e+00
4.578414985452142538e+00
4.582585167176814522e+00
4.651238459348435939e+00
4.618685195559677936e+00
4.588998644707339203e+00
4.588375446242900502e+00
4.579506785428614002e+00
4.600237209015516804e+00
4.609850427995212385e+00
4.561394670056865941e+00
4.577386379986626785e+00
4.586202779596351142e+00
4.621671300201916743e+00
4.569113147038539324e+00
4.564158172580929040e+00
4.598509309273062229e+00
4.601512251207146242e+00
4.571875118899707324e+00
4.579903664450704071e+00
4.582568548551096299e+00
4.610429455901821072e+00
4.593817171501155983e+00
4.581424924702318435e+00
4.591173716681295147e+00
4.638317477852401005e+00
4.588151094795702711e+00
4.573162187728369688e+00
4.641609715073662379e+00
4.596864502659198770e+00
4.607924635407031566e+00
4.631174530119291255e+00
4.608977512812741928e+00
4.589065337876340855e+00
4.566176460941200332e+00
4.603591110084837901e+00
4.591229257877775360e+00
4.589125033729250625e+00
4.589090703147173933e+00
4.638432496235662228e+00
4.578253828515899571e+00
4.595419119553955767e+00
4.644335388357602845e+00
4.584553818326058128e+00
4.603962405169967020e+00
4.586571232021817934e+00
4.626267443543685687e+00
4.574145310639288198e+00
4.604021882356748918e+00
4.617550755688271558e+00
4.591308196349937809e+00
4.610851262862488475e+00
4.603829893496476089e+00
4.586635082531156371e+00
4.581506487168015340e+00
4.595587055140162747e+00
4.632166399675324620e+00
4.562288795853739920e+00
4.604461182607646030e+00
4.585435261487515568e+00
4.550682872450735772e+00
4.584269333693694826e+00
4.620995621866788028e+00
4.552431982807594757e+00
4.596016952747561390e+00
4.561300643621880369e+00
4.562022460509990829e+00
4.584679551349585047e+00
4.607018701639252534e+00
4.604035220990549071e+00
4.633977829878626942e+00
4.628494339389948031e+00
4.630898136133659193e+00
4.595875257096699862e+00
4.585963996184713842e+00
4.602262057359624237e+00
4.617582243610685033e+00
4.590510939647711730e+00
4.582235957370601298e+00
4.608642078972583711e+00
4.581391250118626246e+00
4.610260426984974735e+00
4.587376579370775254e+00
4.621949662182698759e+00
4.633018760241775169e+00
4.586622181229611961e+00
4.590409915896634274e+00
4.615573139227785227e+00
4.614604885613561969e+00
4.598161848795871087e+00
4.592637467741279345e+00
4.580930301921068981e+00
4.591476350602271772e+00
4.598062793039944474e+00
4.552072714359498562e+00
4.580741155720459368e+00
4.599516922790302331e+00
4.664061478419183615e+00
4.593920600579640023e+00
4.644186258058393690e+00
4.613547853551422051e+00
4.598321037736963213e+00
4.606256650183613743e+00
4.603234028298021308e+00
4.578417828111804866e+00
4.575852655765722865e+00
4.572785425990043784e+00
4.562296011835960563e+00
4.616313542736763864e+00
4.614821365080156390e+00
4.620710481236041112e+00
4.660783017163979025e+00
4.575012977834688854e+00
4.603808245549815936e+00
4.590894480036000758e+00
4.626425976486394198e+00
4.620132983992327524e+00
4.610765108408106272e+00
4.634458676693820500e+00
4.577418742573551746e+00
4.603176956438645995e+00
4.566574651960057629e+00
4.593895891307190560e+00
4.594381548777197288e+00
4.592925451031688588e+00
4.588338710333418113e+00
4.604515411807359015e+00
4.629185543020155613e+00
4.583443431728717599e+00
4.570637687282071759e+00
4.616346998654329070e+00
4.630397172034701470e+00
4.589166142961290440e+00
4.604152863367344750e+00
4.571354037516984548e+00
4.597522250371842034e+00
4.606795006190438357e+00
4.568253351823741149e+00
4.596791468172488848e+00
4.600126563954813008e+00
4.575715989435802378e+00
4.579897541799123672e+00
4.600673447940624605e+00
4.597570138253845862e+00
4.611878556331237000e+00
4.571143680701970524e+00
4.596731772319579967e+00
4.572533303944605443e+00
4.532727759358801123e+00
4.614311217003828069e+00
4.593615123999001071e+00
4.559092990394871592e+00
4.606496526925891288e+00
4.627378267473281959e+00
4.601822757108726236e+00
4.590213116381548275e+00
4.595058976441348975e+00
4.544672833926137301e+00
4.587876887471349363e+00
4.588565029775766746e+00
4.585761511350302300e+00
4.656374052027668853e+00
4.626920599267643652e+00
4.605659472988391734e+00
4.600057684124532642e+00
4.611724834043342547e+00
4.612675813033463079e+00
4.628006495258662589e+00
4.603736085727618388e+00
4.582597631146103190e+00
4.599161590332507821e+00
4.606625321275208407e+00
4.617921832107271918e+00
4.592491180101732517e+00
4.619605779958025238e+00
4.600983297843820985e+00
4.585567991827134371e+00
4.600329486121479405e+00
4.613722130455337300e+00
4.584252277735720860e+00
4.592797312680755084e+00
4.610184768504730357e+00
4.591478974595806228e+00
4.624973596065059311e+00
4.568871083634983066e+00
4.594184311929855546e+00
4.640192539898914781e+00
4.596453410338797063e+00
4.642282113416872136e+00
4.607482055164216384e+00
4.578269572477106308e+00
4.613469789743771088e+00
4.597492949110706384e+00
4.581606636254581311e+00
4.598350557664225846e+00
4.575386022248840945e+00
4.592077682453923337e+00
4.595710164170155210e+00
4.638423312258291631e+00
4.603973775808616331e+00
4.608676628220788274e+00
4.588828959792110140e+00
4.606341711307356590e+00
4.603590454086454287e+00
4.593689033150222478e+00
4.617406217377746813e+00
4.617097460805189790e+00
4.581829675705012761e+00
4.579985008250273104e+00
4.586729983630653429e+00
4.589427448984099378e+00
4.600789559654525185e+00
4.607737457201571907e+00
4.629515072874860415e+00
4.595036672496305208e+00
4.572530679951070987e+00
4.594202023886213127e+00
4.614897460892656511e+00
4.605483884087709257e+00
4.607594668220071021e+00
4.550932589168766640e+00
4.556817550668221806e+00
4.577887344085584509e+00
4.561878140865593956e+00
4.574376222070322129e+00
4.620822875625767878e+00
4.589825858669084546e+00
4.569700046925751380e+00
4.585867127090065942e+00
4.572462674785302994e+00
4.578286628435081163e+00
4.602958508976900731e+00
4.600250328983189085e+00
4.616897162632057849e+00
4.552781629946063724e+00
4.616988565073508965e+00
4.610223472409363588e+00
4.618470246755978614e+00
4.605726603489649129e+00
4.584728532562229120e+00
4.577508614352107763e+00
4.568754971921082486e+00
4.596398525140700464e+00
4.561074105513403865e+00
4.610509706370749861e+00
4.585433949490748340e+00
4.613874322080336654e+00
4.590210273721885947e+00
4.613363518005624719e+00
4.578746483301998182e+00
4.627050705613727999e+00
4.625170176914017439e+00
4.551631883445705462e+00
4.638109307698665695e+00
4.603584768767129631e+00
4.589242676106046304e+00
4.616863925380621403e+00
4.578979144062055973e+00
4.612324416565971141e+00
4.620690145286149075e+00
4.621387252901809184e+00
4.575769781303258732e+00
4.591725192655792043e+00
4.602502371434156636e+00
4.574140937316730771e+00
4.627561509688439934e+00
4.594963419343468303e+00
4.592744395477809327e+00
4.610771449725814541e+00
4.575867525062418117e+00
4.588508395248647176e+00
4.603028263471692583e+00
4.573264086143958629e+00
4.596578706030068240e+00
4.608200592060407885e+00
4.627882074231902010e+00
4.611631463606740589e+00
4.589127876388912952e+00
4.606192362342019564e+00
4.576350995871146132e+00
4.613862514109431601e+00
4.560449813718325807e+00
4.609137139086088908e+00
4.590669472590419353e+00
4.587118116007628643e+00
4.625006833316495758e+00
4.559762546078419909e+00
4.592392561678061647e+00
4.571422698681137042e+00
4.579572166600848426e+00
4.621432516790278555e+00
4.576996498280628600e+00
4.576245598797511249e+00
4.561882514188151383e+00
4.614792063819021628e+00
4.636854382790800422e+00
4.564991946526510525e+00
4.570518732908508852e+00
4.592452257530970527e+00
4.613062414747543194e+00
4.634270842489977227e+00
4.667616770992276010e+00
4.576208425555773118e+00
4.618585921137623451e+00
4.606139663805201678e+00
4.621055536385824780e+00
4.639061161353298601e+00
4.579334913852105338e+00
4.601859493018209513e+00
4.600015481561853470e+00
4.563949127762682245e+00
4.575114438918022941e+00
4.650517298458709980e+00
4.596435042384055869e+00
4.602031364594717289e+00
4.572741255432212881e+00
4.587591965506730318e+00
4.585705095489311489e+00
4.598681836847953619e+00
4.554017530900804189e+00
4.600252515644467799e+00
4.606659214525028467e+00
4.625356480454965613e+00
4.564107660705390757e+00
4.552880685701990338e+00
4.569317381201972950e+00
4.607402679359798192e+00
4.622730081593078744e+00
4.597909945416561506e+00
4.639123918531997681e+00
4.611261261852250826e+00
4.578165706066366525e+00
4.617133103384032822e+00
4.591182244660282130e+00
4.602270366672483348e+00
4.627947892736392177e+00
4.611615063647150237e+00
4.572451522812781555e+00
4.610821086936842228e+00
4.589879869202668772e+00
4.608407887549631710e+00
4.618680603570992638e+00
4.578189540674305391e+00
4.563773757528128527e+00
4.613687143874877883e+00
4.605680464936667384e+00
4.607339484848842481e+00
4.583152605778646027e+00
4.613536045580516998e+00
4.633484300428016844e+00
4.577279452250095915e+00
4.569398506335414112e+00
4.581849136990393312e+00
4.618849413821711103e+00
4.595686110896089360e+00
4.595302789173927316e+00
4.594174034621845593e+00
4.635080781827619845e+00
4.596323741324968459e+00
4.621108234922642666e+00
4.602791885387460979e+00
4.585887244373830107e+00
4.562836773170190874e+00
4.586329168618261676e+00
4.622024445998431652e+00
4.621383972909891114e+00
4.615675256309502039e+00
4.592457724184167311e+00
4.605256252648593396e+00
4.574792125045537006e+00
4.556554713982517768e+00
4.594255159755286755e+00
4.561460488561356108e+00
4.593808206189913257e+00
4.546241107395244896e+00
4.618567990515138000e+00
4.623035558173717696e+00
4.590045399461469167e+00
4.601634266906499349e+00
4.629167831063798033e+00
4.611371032248443136e+00
4.565958232145582940e+00
4.564714459210239106e+00
4.571562645002976488e+00
4.589723522921239862e+00
4.574316307551284488e+00
4.613623512031666429e+00
4.616532427530764870e+00
4.584009339667654004e+00
4.605844901864828422e+00
4.592285852607659535e+00
4.609039176660801651e+00
4.556648959083631212e+00
4.613835399509575552e+00
4.581148093384431519e+00
4.555983558056513338e+00
4.615566579243949086e+00
4.586127558448362507e+00
4.567408207239510354e+00
4.599554752030424076e+00
4.585671858237875043e+00
4.635695014980816708e+00
4.602992183560592920e+00
4.574498456435803107e+00
4.582331951800737713e+00
4.615561331256880173e+00
4.623152107219874907e+00
4.611809020502573908e+00
4.569842398574996523e+00
4.604924973464865623e+00
4.578521475856416778e+00
4.623841998853315260e+00
4.639159779776969472e+00
4.553274284732162336e+00
4.582659950992547415e+00
4.574082990792843972e+00
4.563675576436713399e+00
4.585950876217040673e+00
4.649170533777137848e+00
4.574054564196220696e+00
4.584796756394125872e+00
4.660888632903741780e+00
4.634367930250752998e+00
4.634726105368209836e+00
4.644058119707459298e+00
4.599008742709124853e+00
4.612177691594167683e+00
4.640640586794927636e+00
4.599214288869325706e+00
4.604510819818673717e+00
4.649623172661836001e+00
4.611232616589499678e+00
4.572224110039792677e+00
4.597858340210382977e+00
4.642817626764034422e+00
4.605625579738571673e+00
4.588660368207519547e+00
4.614017111061838428e+00
4.601136801465587567e+00
4.595720878810420906e+00
4.630837128283982196e+00
4.596524695496484014e+00
4.602462574198884049e+00
